Player	Game id	Variant	BDR
Pablo-	209530	6 Suits	8
Pablo-	236392	Rainbow (6 Suits)	7
Pablo-	294820	Rainbow (6 Suits)	7
Pablo-	193996	No Variant	6
Pablo-	239129	Reversed (6 Suits)	6
Pablo-	255998	White-Ones (5 Suits)	6
Pablo-	311325	Rainbow (6 Suits)	6
Pablo-	339940	Prism (6 Suits)	6
Pablo-	376261	Rainbow & Light Pink (5 Suits)	6
Pablo-	496530	Rainbow & Light Pink (5 Suits)	6
Pablo-	581860	6 Suits	6
Pablo-	679943	Synesthesia (6 Suits)	6
Pablo-	750825	White (5 Suits)	6
Pablo-	201547	No Variant	5
Pablo-	201674	No Variant	5
Pablo-	209878	Dual-Color & Dark Pink (6 Suits)	5
Pablo-	214489	No Variant	5
Pablo-	221894	Rainbow (6 Suits)	5
Pablo-	248735	Pink & Brown (5 Suits)	5
Pablo-	250000	No Variant	5
Pablo-	250612	Pink (6 Suits)	5
Pablo-	262477	No Variant	5
Pablo-	275770	Pink & Light Pink (6 Suits)	5
Pablo-	277632	Dual-Color & Brown (6 Suits)	5
Pablo-	278718	Dual-Color (6 Suits)	5
Pablo-	280315	Black (6 Suits)	5
Pablo-	284708	Prism & Gray (6 Suits)	5
Pablo-	286282	Prism & Gray (6 Suits)	5
Pablo-	287190	Brown (6 Suits)	5
Pablo-	317253	Rainbow-Ones (6 Suits)	5
Pablo-	328592	White (6 Suits)	5
Pablo-	360923	No Variant	5
Pablo-	371759	Rainbow-Fives (5 Suits)	5
Pablo-	387201	White (5 Suits)	5
Pablo-	403362	Null (6 Suits)	5
Pablo-	405073	Dual-Color Mix	5
Pablo-	408441	Dual-Color Mix	5
Pablo-	412194	Dual-Color Mix	5
Pablo-	435679	Pink & Light Pink (5 Suits)	5
Pablo-	595171	Pink (6 Suits)	5
Pablo-	667060	Omni-Ones & White (6 Suits)	5
Pablo-	694646	Null-Ones & Rainbow (6 Suits)	5
Pablo-	204096	No Variant	4
Pablo-	206493	Black (6 Suits)	4
Pablo-	207632	No Variant	4
Pablo-	208697	Black (6 Suits)	4
Pablo-	218448	No Variant	4
Pablo-	221866	No Variant	4
Pablo-	221902	Rainbow (6 Suits)	4
Pablo-	232381	No Variant	4
Pablo-	236692	Rainbow (5 Suits)	4
Pablo-	237759	Brown-Fives & White (6 Suits)	4
Pablo-	237825	Brown-Fives & White (6 Suits)	4
Pablo-	237872	Brown-Fives & White (6 Suits)	4
Pablo-	243859	6 Suits	4
Pablo-	246888	Rainbow (6 Suits)	4
Pablo-	247364	Rainbow (6 Suits)	4
Pablo-	248791	Gray Reversed (5 Suits)	4
Pablo-	250034	No Variant	4
Pablo-	267624	Rainbow (6 Suits)	4
Pablo-	274423	Brown (5 Suits)	4
Pablo-	275724	Throw It in a Hole (6 Suits)	4
Pablo-	276864	Light Pink & Dark Pink (5 Suits)	4
Pablo-	277531	Light Pink (4 Suits)	4
Pablo-	284185	Pink & Prism (6 Suits)	4
Pablo-	284315	Special Mix (5 Suits)	4
Pablo-	284567	No Variant	4
Pablo-	286354	Up or Down (6 Suits)	4
Pablo-	287355	White & Prism (6 Suits)	4
Pablo-	287390	Rainbow (5 Suits)	4
Pablo-	296769	No Variant	4
Pablo-	298771	Black & Gray (6 Suits)	4
Pablo-	299630	Ambiguous (6 Suits)	4
Pablo-	305949	No Variant	4
Pablo-	306084	6 Suits	4
Pablo-	306150	No Variant	4
Pablo-	306279	Muddy Rainbow (5 Suits)	4
Pablo-	310493	White (6 Suits)	4
Pablo-	314178	Pink (6 Suits)	4
Pablo-	328015	Light Pink & Gray (6 Suits)	4
Pablo-	338014	Null (5 Suits)	4
Pablo-	341985	Gray (6 Suits)	4
Pablo-	343815	Muddy Rainbow (6 Suits)	4
Pablo-	345606	Omni & Cocoa Rainbow (5 Suits)	4
Pablo-	347082	No Variant	4
Pablo-	355880	Rainbow & White (6 Suits)	4
Pablo-	368232	Prism Reversed (6 Suits)	4
Pablo-	371945	Muddy Rainbow & Light Pink (5 Suits)	4
Pablo-	377016	White & Prism (6 Suits)	4
Pablo-	379156	Black & Rainbow (5 Suits)	4
Pablo-	380832	No Variant	4
Pablo-	382899	Dark Brown (6 Suits)	4
Pablo-	390543	Brown & Prism (6 Suits)	4
Pablo-	399248	Rainbow (6 Suits)	4
Pablo-	400068	6 Suits	4
Pablo-	400081	6 Suits	4
Pablo-	406308	White-Ones & Prism (6 Suits)	4
Pablo-	407369	White-Ones & Rainbow (6 Suits)	4
Pablo-	436717	Prism (6 Suits)	4
Pablo-	438048	6 Suits	4
Pablo-	443025	Throw It in a Hole (6 Suits)	4
Pablo-	448850	Rainbow (6 Suits)	4
Pablo-	453038	White-Ones & Rainbow (6 Suits)	4
Pablo-	454010	Throw It in a Hole (6 Suits)	4
Pablo-	456704	Alternating Clues (6 Suits)	4
Pablo-	459101	Throw It in a Hole (6 Suits)	4
Pablo-	460324	Throw It in a Hole (6 Suits)	4
Pablo-	481678	Number Mute (5 Suits)	4
Pablo-	504481	Null (5 Suits)	4
Pablo-	515107	Gray Pink (6 Suits)	4
Pablo-	530804	Black & White (6 Suits)	4
Pablo-	541758	Omni (6 Suits)	4
Pablo-	541764	Omni (6 Suits)	4
Pablo-	545333	Dual-Color & Muddy Rainbow (6 Suits)	4
Pablo-	546615	Brown & Omni (5 Suits)	4
Pablo-	558454	No Variant	4
Pablo-	571988	Black & Muddy Rainbow (6 Suits)	4
Pablo-	574675	Ambiguous Mix	4
Pablo-	583785	No Variant	4
Pablo-	588995	White (6 Suits)	4
Pablo-	614557	Black & Rainbow (6 Suits)	4
Pablo-	641547	Rainbow & Light Pink (6 Suits)	4
Pablo-	641552	Rainbow & Pink (6 Suits)	4
Pablo-	660932	Prism & Gray (6 Suits)	4
Pablo-	669550	Prism Reversed (6 Suits)	4
Pablo-	679971	Synesthesia (6 Suits)	4
Pablo-	691645	Pink & Gray (6 Suits)	4
Pablo-	709642	Prism (5 Suits)	4
Pablo-	718135	Brown-Ones & Gray (6 Suits)	4
Pablo-	727281	Clue Starved (6 Suits)	4
Pablo-	201601	No Variant	3
Pablo-	201750	No Variant	3
Pablo-	201805	No Variant	3
Pablo-	206765	No Variant	3
Pablo-	206878	No Variant	3
Pablo-	207880	No Variant	3
Pablo-	208647	No Variant	3
Pablo-	209824	Dark Rainbow Reversed (5 Suits)	3
Pablo-	209986	No Variant	3
Pablo-	213661	No Variant	3
Pablo-	214468	No Variant	3
Pablo-	216167	No Variant	3
Pablo-	218400	Black (6 Suits)	3
Pablo-	221909	Rainbow (6 Suits)	3
Pablo-	225588	Rainbow (6 Suits)	3
Pablo-	225644	Rainbow & Brown (6 Suits)	3
Pablo-	225861	Rainbow & Brown (6 Suits)	3
Pablo-	230685	Up or Down (5 Suits)	3
Pablo-	230810	No Variant	3
Pablo-	231375	No Variant	3
Pablo-	233393	Up or Down (6 Suits)	3
Pablo-	234097	Black Reversed (6 Suits)	3
Pablo-	234190	Up or Down (5 Suits)	3
Pablo-	236655	No Variant	3
Pablo-	237549	6 Suits	3
Pablo-	237789	Brown-Fives & White (6 Suits)	3
Pablo-	238159	No Variant	3
Pablo-	240393	6 Suits	3
Pablo-	243855	6 Suits	3
Pablo-	243889	Dark Pink (6 Suits)	3
Pablo-	243896	Dark Pink (6 Suits)	3
Pablo-	243904	Dark Pink (6 Suits)	3
Pablo-	243911	Rainbow (6 Suits)	3
Pablo-	247416	Rainbow (5 Suits)	3
Pablo-	248766	Gray Reversed (5 Suits)	3
Pablo-	249894	No Variant	3
Pablo-	250079	No Variant	3
Pablo-	250113	No Variant	3
Pablo-	250722	No Variant	3
Pablo-	250726	No Variant	3
Pablo-	251083	Dual-Color (5 Suits)	3
Pablo-	253851	Black (6 Suits)	3
Pablo-	253974	Dark Rainbow (5 Suits)	3
Pablo-	255342	No Variant	3
Pablo-	256307	Black (5 Suits)	3
Pablo-	256320	Black (5 Suits)	3
Pablo-	261820	Muddy Rainbow (6 Suits)	3
Pablo-	264239	Rainbow & White (4 Suits)	3
Pablo-	264457	Pink-Ones & Pink (6 Suits)	3
Pablo-	268049	Rainbow & White (5 Suits)	3
Pablo-	268428	No Variant	3
Pablo-	269200	Pink (5 Suits)	3
Pablo-	269708	White (5 Suits)	3
Pablo-	275183	Pink (6 Suits)	3
Pablo-	275765	Pink & Light Pink (6 Suits)	3
Pablo-	275969	Dark Brown (6 Suits)	3
Pablo-	276710	Light Pink (6 Suits)	3
Pablo-	276783	Light Pink & Dark Pink (6 Suits)	3
Pablo-	277455	Gray (6 Suits)	3
Pablo-	277484	No Variant	3
Pablo-	277673	No Variant	3
Pablo-	277690	No Variant	3
Pablo-	278471	Dark Rainbow (5 Suits)	3
Pablo-	280271	Black (5 Suits)	3
Pablo-	281805	Prism (5 Suits)	3
Pablo-	284272	Pink & Prism (6 Suits)	3
Pablo-	285506	Prism (6 Suits)	3
Pablo-	286322	Prism & Gray (6 Suits)	3
Pablo-	286365	Up or Down (6 Suits)	3
Pablo-	287197	Gray (6 Suits)	3
Pablo-	287225	Rainbow (6 Suits)	3
Pablo-	287424	Rainbow (5 Suits)	3
Pablo-	296762	No Variant	3
Pablo-	298150	Rainbow-Ones & Light Pink (5 Suits)	3
Pablo-	298763	6 Suits	3
Pablo-	298815	Black & Brown (6 Suits)	3
Pablo-	299213	Black (5 Suits)	3
Pablo-	300024	Pink & Light Pink (6 Suits)	3
Pablo-	300045	Pink & Light Pink (6 Suits)	3
Pablo-	302483	No Variant	3
Pablo-	302498	No Variant	3
Pablo-	303338	Rainbow (5 Suits)	3
Pablo-	304772	Omni (5 Suits)	3
Pablo-	304942	Rainbow-Ones & Pink (5 Suits)	3
Pablo-	305546	Ambiguous (6 Suits)	3
Pablo-	305594	Ambiguous (6 Suits)	3
Pablo-	305645	Pink & Dark Prism (6 Suits)	3
Pablo-	306128	Prism (5 Suits)	3
Pablo-	307551	Prism (5 Suits)	3
Pablo-	317367	Pink (6 Suits)	3
Pablo-	318714	Black (6 Suits)	3
Pablo-	319680	Rainbow-Ones (6 Suits)	3
Pablo-	321702	Throw It in a Hole (6 Suits)	3
Pablo-	322900	Up or Down (6 Suits)	3
Pablo-	323259	Rainbow-Ones & Black (6 Suits)	3
Pablo-	323749	Gray Pink (6 Suits)	3
Pablo-	324362	Black (6 Suits)	3
Pablo-	324609	Black (6 Suits)	3
Pablo-	325034	White (6 Suits)	3
Pablo-	327261	6 Suits	3
Pablo-	328748	Null-Ones (5 Suits)	3
Pablo-	329341	Black (6 Suits)	3
Pablo-	329398	Dark Omni (6 Suits)	3
Pablo-	329606	Rainbow & Null (6 Suits)	3
Pablo-	331133	Gray (6 Suits)	3
Pablo-	332484	Up or Down & Rainbow (6 Suits)	3
Pablo-	332610	White-Ones & Brown (5 Suits)	3
Pablo-	332616	Null-Ones & Omni (5 Suits)	3
Pablo-	336828	White & Brown (6 Suits)	3
Pablo-	337835	White & Muddy Rainbow (5 Suits)	3
Pablo-	337918	Muddy Rainbow & Dark Prism (6 Suits)	3
Pablo-	339099	Ambiguous (6 Suits)	3
Pablo-	339102	Ambiguous (6 Suits)	3
Pablo-	340127	Brown (6 Suits)	3
Pablo-	341941	Null (6 Suits)	3
Pablo-	342234	Dark Omni (6 Suits)	3
Pablo-	342239	Dark Omni (6 Suits)	3
Pablo-	342318	6 Suits	3
Pablo-	343295	Rainbow-Ones (6 Suits)	3
Pablo-	343420	Gray & Gray Pink (6 Suits)	3
Pablo-	347772	Pink & Brown (5 Suits)	3
Pablo-	348566	Muddy Rainbow (6 Suits)	3
Pablo-	349052	Muddy Rainbow (6 Suits)	3
Pablo-	351762	Pink (5 Suits)	3
Pablo-	352538	Clue Starved & White (5 Suits)	3
Pablo-	355390	Clue Starved & Prism (5 Suits)	3
Pablo-	355467	White & Muddy Rainbow (6 Suits)	3
Pablo-	355878	Rainbow & White (6 Suits)	3
Pablo-	357639	No Variant	3
Pablo-	357668	No Variant	3
Pablo-	358174	Dark Omni (6 Suits)	3
Pablo-	358721	Duck (5 Suits)	3
Pablo-	360864	White-Ones & Prism (5 Suits)	3
Pablo-	361544	Omni & Null (5 Suits)	3
Pablo-	368195	Dual-Color & White (6 Suits)	3
Pablo-	371924	Rainbow (5 Suits)	3
Pablo-	372366	White (5 Suits)	3
Pablo-	376136	Prism (6 Suits)	3
Pablo-	377340	Black & White (5 Suits)	3
Pablo-	377805	Rainbow & Pink (6 Suits)	3
Pablo-	379114	Dark Prism (6 Suits)	3
Pablo-	379783	Ambiguous & Rainbow (5 Suits)	3
Pablo-	380826	No Variant	3
Pablo-	382868	Dark Brown (6 Suits)	3
Pablo-	386442	Gray (6 Suits)	3
Pablo-	391159	Rainbow & Brown (6 Suits)	3
Pablo-	392413	Cocoa Rainbow & Gray Pink (6 Suits)	3
Pablo-	392867	White-Ones & White (6 Suits)	3
Pablo-	395415	Reversed (6 Suits)	3
Pablo-	396847	Gray (6 Suits)	3
Pablo-	397106	Null (6 Suits)	3
Pablo-	400311	Dual-Color & Rainbow (6 Suits)	3
Pablo-	400439	Black & Rainbow (5 Suits)	3
Pablo-	402873	Dual-Color Mix	3
Pablo-	406683	Dual-Color Mix	3
Pablo-	408859	Null (5 Suits)	3
Pablo-	411282	Black & Light Pink (5 Suits)	3
Pablo-	413729	Dual-Color Mix	3
Pablo-	414625	Omni (6 Suits)	3
Pablo-	416960	Color Mute (5 Suits)	3
Pablo-	424190	White-Ones & Gray (5 Suits)	3
Pablo-	433242	Pink-Ones (6 Suits)	3
Pablo-	433410	White-Ones & Pink (5 Suits)	3
Pablo-	439065	Black & Brown (6 Suits)	3
Pablo-	440120	Gray Pink (6 Suits)	3
Pablo-	440761	Throw It in a Hole (6 Suits)	3
Pablo-	441775	Throw It in a Hole (6 Suits)	3
Pablo-	451141	Throw It in a Hole (6 Suits)	3
Pablo-	453291	Black (6 Suits)	3
Pablo-	456395	Gray Pink (6 Suits)	3
Pablo-	456437	Gray Pink (6 Suits)	3
Pablo-	456741	Muddy Rainbow (6 Suits)	3
Pablo-	459438	White-Ones (5 Suits)	3
Pablo-	461536	Dark Null (6 Suits)	3
Pablo-	474786	Cocoa Rainbow (5 Suits)	3
Pablo-	493259	Null (5 Suits)	3
Pablo-	495311	Brown-Ones & Black (5 Suits)	3
Pablo-	496342	Null (5 Suits)	3
Pablo-	502284	Black & Rainbow (6 Suits)	3
Pablo-	509510	Gray (5 Suits)	3
Pablo-	515766	White-Fives & Rainbow (5 Suits)	3
Pablo-	520755	Up or Down (6 Suits)	3
Pablo-	520810	Up or Down (6 Suits)	3
Pablo-	538522	Gray (5 Suits)	3
Pablo-	539403	Black (6 Suits)	3
Pablo-	543027	Omni (5 Suits)	3
Pablo-	550164	Omni (5 Suits)	3
Pablo-	551813	Null-Ones (6 Suits)	3
Pablo-	554149	White & Dark Omni (6 Suits)	3
Pablo-	576404	Black & Brown (6 Suits)	3
Pablo-	576418	Gray Pink (6 Suits)	3
Pablo-	577116	Reversed (6 Suits)	3
Pablo-	577140	Pink & Dark Prism (5 Suits)	3
Pablo-	578059	Dual-Color (5 Suits)	3
Pablo-	580950	Dark Rainbow (6 Suits)	3
Pablo-	582415	Null (6 Suits)	3
Pablo-	582432	Null (6 Suits)	3
Pablo-	588202	White & Dark Pink (6 Suits)	3
Pablo-	591609	Muddy-Rainbow-Fives & Light Pink (6 Suits)	3
Pablo-	592178	Ambiguous (6 Suits)	3
Pablo-	595958	No Variant	3
Pablo-	596322	Light Pink (5 Suits)	3
Pablo-	603675	Rainbow & Pink (6 Suits)	3
Pablo-	609820	Pink & White (5 Suits)	3
Pablo-	646169	Light Pink & Dark Rainbow (5 Suits)	3
Pablo-	662433	White-Ones & Pink (6 Suits)	3
Pablo-	667065	Brown-Ones & Prism (6 Suits)	3
Pablo-	669303	Black (5 Suits)	3
Pablo-	670446	Rainbow & Gray (5 Suits)	3
Pablo-	674251	Pink & Gray (6 Suits)	3
Pablo-	679988	Synesthesia (6 Suits)	3
Pablo-	680087	No Variant	3
Pablo-	680597	Ambiguous (6 Suits)	3
Pablo-	680602	Ambiguous (6 Suits)	3
Pablo-	681565	No Variant	3
Pablo-	685224	No Variant	3
Pablo-	687868	6 Suits	3
Pablo-	689318	Pink & Brown (5 Suits)	3
Pablo-	689607	Null (5 Suits)	3
Pablo-	689632	Null (5 Suits)	3
Pablo-	690197	Very Ambiguous (6 Suits)	3
Pablo-	693260	Brown & Prism (5 Suits)	3
Pablo-	693275	Black & Gray Pink (6 Suits)	3
Pablo-	694746	Null-Ones & Rainbow (6 Suits)	3
Pablo-	696030	Ambiguous & Pink (5 Suits)	3
Pablo-	697932	Black Reversed (6 Suits)	3
Pablo-	698646	Rainbow & Muddy Rainbow (6 Suits)	3
Pablo-	698656	Rainbow & Muddy Rainbow (6 Suits)	3
Pablo-	704021	Black & Dark Prism (6 Suits)	3
Pablo-	704961	Omni (5 Suits)	3
Pablo-	706381	Black & Dark Rainbow (6 Suits)	3
Pablo-	714963	White-Ones & Brown (6 Suits)	3
Pablo-	719234	Omni (6 Suits)	3
Pablo-	719249	Omni (6 Suits)	3
Pablo-	720738	Null-Ones (6 Suits)	3
Pablo-	742787	Prism & Dark Rainbow (5 Suits)	3
Pablo-	746126	Muddy Rainbow & Dark Pink (5 Suits)	3
Pablo-	752724	White & Dark Pink (6 Suits)	3
Pablo-	753655	No Variant	3
Pablo-	201508	No Variant	2
Pablo-	201881	No Variant	2
Pablo-	204046	No Variant	2
Pablo-	206516	No Variant	2
Pablo-	206549	No Variant	2
Pablo-	206636	No Variant	2
Pablo-	206685	No Variant	2
Pablo-	207653	No Variant	2
Pablo-	208666	No Variant	2
Pablo-	209520	6 Suits	2
Pablo-	209559	6 Suits	2
Pablo-	209776	Dark Rainbow Reversed (5 Suits)	2
Pablo-	213371	No Variant	2
Pablo-	213917	Rainbow (5 Suits)	2
Pablo-	214591	No Variant	2
Pablo-	216224	No Variant	2
Pablo-	217386	Rainbow (5 Suits)	2
Pablo-	218319	Black (6 Suits)	2
Pablo-	218578	No Variant	2
Pablo-	221882	No Variant	2
Pablo-	221995	Rainbow (6 Suits)	2
Pablo-	223260	Rainbow (5 Suits)	2
Pablo-	225689	No Variant	2
Pablo-	225763	No Variant	2
Pablo-	226722	Brown (6 Suits)	2
Pablo-	230547	Black (5 Suits)	2
Pablo-	231021	Up or Down (6 Suits)	2
Pablo-	232212	Rainbow (5 Suits)	2
Pablo-	233338	Pink (6 Suits)	2
Pablo-	234092	Black Reversed (6 Suits)	2
Pablo-	234128	Rainbow (5 Suits)	2
Pablo-	236295	Up or Down (6 Suits)	2
Pablo-	236586	No Variant	2
Pablo-	236617	No Variant	2
Pablo-	237689	Rainbow (5 Suits)	2
Pablo-	238080	Up or Down & Rainbow (5 Suits)	2
Pablo-	238115	No Variant	2
Pablo-	238142	No Variant	2
Pablo-	239148	Up or Down (6 Suits)	2
Pablo-	239313	Rainbow (5 Suits)	2
Pablo-	239531	Reversed (5 Suits)	2
Pablo-	240294	No Variant	2
Pablo-	240369	6 Suits	2
Pablo-	240458	White (6 Suits)	2
Pablo-	240798	White (6 Suits)	2
Pablo-	240814	White (6 Suits)	2
Pablo-	243928	Pink (3 Suits)	2
Pablo-	244094	Brown-Ones (6 Suits)	2
Pablo-	244933	No Variant	2
Pablo-	245824	No Variant	2
Pablo-	247477	Rainbow-Ones (4 Suits)	2
Pablo-	247724	Rainbow (5 Suits)	2
Pablo-	248640	Up or Down (6 Suits)	2
Pablo-	249654	No Variant	2
Pablo-	249758	Rainbow-Ones (5 Suits)	2
Pablo-	249787	Muddy-Rainbow-Ones (5 Suits)	2
Pablo-	250659	Pink (6 Suits)	2
Pablo-	251116	Pink (6 Suits)	2
Pablo-	253337	No Variant	2
Pablo-	253457	No Variant	2
Pablo-	253754	Black (6 Suits)	2
Pablo-	255358	No Variant	2
Pablo-	255571	Black & Light Pink (5 Suits)	2
Pablo-	255941	White-Ones (5 Suits)	2
Pablo-	256068	No Variant	2
Pablo-	256335	Black (5 Suits)	2
Pablo-	261645	Rainbow (5 Suits)	2
Pablo-	261715	Dual-Color & Black (6 Suits)	2
Pablo-	261747	Muddy Rainbow (6 Suits)	2
Pablo-	262497	No Variant	2
Pablo-	262844	No Variant	2
Pablo-	262861	No Variant	2
Pablo-	263402	White (6 Suits)	2
Pablo-	263439	No Variant	2
Pablo-	264310	Pink (4 Suits)	2
Pablo-	264331	Special Mix (5 Suits)	2
Pablo-	264339	Special Mix (5 Suits)	2
Pablo-	267611	Black (6 Suits)	2
Pablo-	268590	Rainbow (5 Suits)	2
Pablo-	268606	Rainbow & White (5 Suits)	2
Pablo-	268639	Rainbow & White (5 Suits)	2
Pablo-	268672	Rainbow & White (5 Suits)	2
Pablo-	269134	Brown (5 Suits)	2
Pablo-	269171	Brown (5 Suits)	2
Pablo-	269698	White (6 Suits)	2
Pablo-	269803	No Variant	2
Pablo-	274447	Brown (5 Suits)	2
Pablo-	275100	Dark Rainbow (5 Suits)	2
Pablo-	275231	Up or Down (6 Suits)	2
Pablo-	275278	Up or Down & Rainbow (5 Suits)	2
Pablo-	275728	Throw It in a Hole (6 Suits)	2
Pablo-	276687	Gray (5 Suits)	2
Pablo-	276822	Light Pink & Dark Pink (5 Suits)	2
Pablo-	276939	Special Mix (5 Suits)	2
Pablo-	277501	No Variant	2
Pablo-	277620	Dual-Color & Dark Brown (6 Suits)	2
Pablo-	277734	No Variant	2
Pablo-	277773	No Variant	2
Pablo-	277816	No Variant	2
Pablo-	278496	Dark Rainbow (6 Suits)	2
Pablo-	279491	No Variant	2
Pablo-	279538	Up or Down (5 Suits)	2
Pablo-	281095	Dark Rainbow (5 Suits)	2
Pablo-	281105	Omni (6 Suits)	2
Pablo-	282538	Rainbow & Pink (3 Suits)	2
Pablo-	283935	Black & Prism (6 Suits)	2
Pablo-	284122	Rainbow (6 Suits)	2
Pablo-	284202	Pink & Prism (6 Suits)	2
Pablo-	284582	No Variant	2
Pablo-	285470	Dark Prism (5 Suits)	2
Pablo-	285521	Rainbow Reversed (5 Suits)	2
Pablo-	286298	Prism & Gray (6 Suits)	2
Pablo-	286339	Rainbow (5 Suits)	2
Pablo-	286345	Rainbow (5 Suits)	2
Pablo-	286375	Black (6 Suits)	2
Pablo-	287151	Rainbow (5 Suits)	2
Pablo-	287185	Gray (6 Suits)	2
Pablo-	287221	Rainbow (6 Suits)	2
Pablo-	287258	Black (6 Suits)	2
Pablo-	288822	Up or Down & Prism (6 Suits)	2
Pablo-	295982	Up or Down (6 Suits)	2
Pablo-	296754	White & Brown (6 Suits)	2
Pablo-	297634	Prism (5 Suits)	2
Pablo-	298166	Gray Reversed (5 Suits)	2
Pablo-	298767	Gray Pink (5 Suits)	2
Pablo-	298824	Black & Brown (6 Suits)	2
Pablo-	298871	Prism (5 Suits)	2
Pablo-	299618	Rainbow (4 Suits)	2
Pablo-	299785	Gray (6 Suits)	2
Pablo-	304593	Brown (5 Suits)	2
Pablo-	304624	Rainbow (5 Suits)	2
Pablo-	304689	Omni (5 Suits)	2
Pablo-	304885	Rainbow-Ones & Pink (5 Suits)	2
Pablo-	304931	Pink & Brown (6 Suits)	2
Pablo-	305331	No Variant	2
Pablo-	305340	Omni (5 Suits)	2
Pablo-	305952	No Variant	2
Pablo-	305972	No Variant	2
Pablo-	307568	No Variant	2
Pablo-	309016	No Variant	2
Pablo-	311293	Rainbow (6 Suits)	2
Pablo-	311821	Null-Ones (5 Suits)	2
Pablo-	312010	Black & Pink (5 Suits)	2
Pablo-	312048	Up or Down & Prism (6 Suits)	2
Pablo-	314182	Pink (6 Suits)	2
Pablo-	314436	Black (6 Suits)	2
Pablo-	314479	Light Pink (6 Suits)	2
Pablo-	314510	White & Light Pink (5 Suits)	2
Pablo-	317213	No Variant	2
Pablo-	318087	White (6 Suits)	2
Pablo-	318092	White (6 Suits)	2
Pablo-	321565	White (5 Suits)	2
Pablo-	321743	Throw It in a Hole (5 Suits)	2
Pablo-	322456	Dark Pink (6 Suits)	2
Pablo-	323100	Up or Down & Muddy Rainbow (5 Suits)	2
Pablo-	323138	Light Pink (6 Suits)	2
Pablo-	323675	Rainbow (5 Suits)	2
Pablo-	323690	Light Pink (5 Suits)	2
Pablo-	323761	Pink & Brown (5 Suits)	2
Pablo-	324378	Brown-Ones & Brown (6 Suits)	2
Pablo-	324420	Muddy-Rainbow-Fives & Muddy Rainbow (5 Suits)	2
Pablo-	324541	Rainbow & Prism (5 Suits)	2
Pablo-	325005	Omni (4 Suits)	2
Pablo-	325030	White (6 Suits)	2
Pablo-	325785	Dark Prism (5 Suits)	2
Pablo-	326447	Brown (5 Suits)	2
Pablo-	326510	Black (6 Suits)	2
Pablo-	326570	Dark Prism (6 Suits)	2
Pablo-	327260	White (6 Suits)	2
Pablo-	327980	White-Ones & Brown (5 Suits)	2
Pablo-	328555	No Variant	2
Pablo-	328562	Muddy Rainbow (5 Suits)	2
Pablo-	328564	Muddy Rainbow (5 Suits)	2
Pablo-	328598	White (6 Suits)	2
Pablo-	328652	Dark Brown (5 Suits)	2
Pablo-	329139	White & Prism (5 Suits)	2
Pablo-	329325	Black (6 Suits)	2
Pablo-	329330	Black (6 Suits)	2
Pablo-	329653	Muddy Rainbow (6 Suits)	2
Pablo-	329676	Omni (6 Suits)	2
Pablo-	329838	Rainbow & Brown (6 Suits)	2
Pablo-	332465	Up or Down & Rainbow (6 Suits)	2
Pablo-	332632	Prism (6 Suits)	2
Pablo-	332648	Pink (4 Suits)	2
Pablo-	334441	White & Prism (5 Suits)	2
Pablo-	334851	Omni (4 Suits)	2
Pablo-	336782	No Variant	2
Pablo-	336841	White & Brown (6 Suits)	2
Pablo-	337105	Light-Pink-Ones (6 Suits)	2
Pablo-	337937	Muddy Rainbow & Dark Prism (6 Suits)	2
Pablo-	338043	Null (6 Suits)	2
Pablo-	339948	Black (5 Suits)	2
Pablo-	340116	Brown (6 Suits)	2
Pablo-	340764	Light-Pink-Ones (6 Suits)	2
Pablo-	340776	Dark Pink (6 Suits)	2
Pablo-	342250	Rainbow (6 Suits)	2
Pablo-	343258	No Variant	2
Pablo-	343405	White-Fives & Rainbow (5 Suits)	2
Pablo-	343432	Gray & Gray Pink (6 Suits)	2
Pablo-	343752	Pink & Brown (6 Suits)	2
Pablo-	343872	Rainbow & White (6 Suits)	2
Pablo-	344132	No Variant	2
Pablo-	344505	White & Dark Prism (6 Suits)	2
Pablo-	344524	White & Dark Prism (6 Suits)	2
Pablo-	347292	Null-Ones & White (5 Suits)	2
Pablo-	347395	Pink (6 Suits)	2
Pablo-	347779	Pink & Brown (5 Suits)	2
Pablo-	347982	No Variant	2
Pablo-	348949	Rainbow & White (5 Suits)	2
Pablo-	349028	Pink & Brown (5 Suits)	2
Pablo-	349078	Rainbow & Pink (5 Suits)	2
Pablo-	351704	Light-Pink-Ones & Pink (5 Suits)	2
Pablo-	351775	Rainbow-Ones & Gray Pink (5 Suits)	2
Pablo-	351795	Rainbow-Ones & Gray Pink (5 Suits)	2
Pablo-	352554	Clue Starved & White (5 Suits)	2
Pablo-	352737	Deceptive-Ones (6 Suits)	2
Pablo-	353436	Black (5 Suits)	2
Pablo-	353582	White-Ones & Gray (5 Suits)	2
Pablo-	353814	Rainbow-Fives & Light Pink (5 Suits)	2
Pablo-	354308	Pink & Prism (6 Suits)	2
Pablo-	355366	Clue Starved (5 Suits)	2
Pablo-	355509	Dark Pink (5 Suits)	2
Pablo-	355885	White & Brown (6 Suits)	2
Pablo-	358571	No Variant	2
Pablo-	358605	No Variant	2
Pablo-	359976	Rainbow (6 Suits)	2
Pablo-	359992	Gray Pink (6 Suits)	2
Pablo-	360503	Black (5 Suits)	2
Pablo-	360508	Deceptive-Ones (3 Suits)	2
Pablo-	360690	Null-Ones & Muddy Rainbow (5 Suits)	2
Pablo-	363734	Up or Down & Pink (6 Suits)	2
Pablo-	363756	Up or Down & Pink (5 Suits)	2
Pablo-	364026	White & Prism (6 Suits)	2
Pablo-	364090	White-Fives (5 Suits)	2
Pablo-	366184	Rainbow-Fives (5 Suits)	2
Pablo-	366219	White-Ones & Prism (4 Suits)	2
Pablo-	366799	Dual-Color Mix	2
Pablo-	366810	Pink & White (6 Suits)	2
Pablo-	367649	Dual-Color & Black (6 Suits)	2
Pablo-	367660	Dual-Color & Black (6 Suits)	2
Pablo-	369208	Cocoa Rainbow (5 Suits)	2
Pablo-	369255	Dark Pink (5 Suits)	2
Pablo-	369945	No Variant	2
Pablo-	371176	Rainbow & Gray (6 Suits)	2
Pablo-	371741	Pink & White (5 Suits)	2
Pablo-	371935	Muddy Rainbow & Light Pink (5 Suits)	2
Pablo-	372058	Light-Pink-Ones & Prism (5 Suits)	2
Pablo-	372296	White Reversed (5 Suits)	2
Pablo-	377815	Rainbow & Pink (6 Suits)	2
Pablo-	377825	Rainbow (5 Suits)	2
Pablo-	378854	No Variant	2
Pablo-	379769	Up or Down & White (5 Suits)	2
Pablo-	382166	Prism (6 Suits)	2
Pablo-	384912	Up or Down (6 Suits)	2
Pablo-	384950	Muddy Rainbow (6 Suits)	2
Pablo-	386626	Gray (5 Suits)	2
Pablo-	389312	Omni & Dark Pink (6 Suits)	2
Pablo-	390493	Rainbow & Dark Brown (6 Suits)	2
Pablo-	391111	Rainbow & Brown (6 Suits)	2
Pablo-	391204	Rainbow & Brown (6 Suits)	2
Pablo-	392706	White-Ones (6 Suits)	2
Pablo-	396953	Brown-Ones & Omni (5 Suits)	2
Pablo-	396968	Brown-Ones & Omni (5 Suits)	2
Pablo-	398720	Dual-Color & Rainbow (4 Suits)	2
Pablo-	398834	Cocoa Rainbow (6 Suits)	2
Pablo-	402198	Light Pink (6 Suits)	2
Pablo-	402836	Dual-Color Mix	2
Pablo-	403098	Dark Rainbow (5 Suits)	2
Pablo-	404420	Muddy Rainbow (4 Suits)	2
Pablo-	404437	Muddy Rainbow (4 Suits)	2
Pablo-	406290	White-Ones & Dark Pink (5 Suits)	2
Pablo-	406301	White-Ones & Dark Pink (5 Suits)	2
Pablo-	406510	Dual-Color Mix	2
Pablo-	407231	Black & Rainbow (6 Suits)	2
Pablo-	408431	Dual-Color Mix	2
Pablo-	410350	Dual-Color Mix	2
Pablo-	410375	Dual-Color Mix	2
Pablo-	411448	Rainbow-Ones & White (6 Suits)	2
Pablo-	412171	Dual-Color Mix	2
Pablo-	413800	Dual-Color Mix	2
Pablo-	413960	Dual-Color Mix	2
Pablo-	416321	Pink-Ones & Dark Prism (6 Suits)	2
Pablo-	417022	Special Mix (5 Suits)	2
Pablo-	417908	Omni (3 Suits)	2
Pablo-	418000	Color Mute (5 Suits)	2
Pablo-	421008	Black & Rainbow (5 Suits)	2
Pablo-	422060	Black & Pink (6 Suits)	2
Pablo-	423095	Pink & Brown (6 Suits)	2
Pablo-	423890	Dark Brown (6 Suits)	2
Pablo-	423999	White-Ones (6 Suits)	2
Pablo-	426756	Dark Pink (5 Suits)	2
Pablo-	427526	Dark Brown (6 Suits)	2
Pablo-	427534	Dark Brown (6 Suits)	2
Pablo-	429307	Black & Rainbow (5 Suits)	2
Pablo-	429336	Black & Rainbow (5 Suits)	2
Pablo-	429829	White-Ones & Brown (6 Suits)	2
Pablo-	429850	White-Ones & Brown (6 Suits)	2
Pablo-	430017	Dark Omni (5 Suits)	2
Pablo-	430136	Cocoa Rainbow (6 Suits)	2
Pablo-	431275	Black & Brown (6 Suits)	2
Pablo-	432397	4 Suits	2
Pablo-	432644	White-Fives (6 Suits)	2
Pablo-	433364	Cocoa Rainbow (6 Suits)	2
Pablo-	434468	Throw It in a Hole (5 Suits)	2
Pablo-	434492	Rainbow & Brown (5 Suits)	2
Pablo-	435676	Dark Brown (6 Suits)	2
Pablo-	435704	Pink & Light Pink (5 Suits)	2
Pablo-	435903	Muddy Rainbow (6 Suits)	2
Pablo-	435995	Null-Ones & Dark Brown (5 Suits)	2
Pablo-	440740	Throw It in a Hole (6 Suits)	2
Pablo-	443048	White-Ones & Dark Prism (6 Suits)	2
Pablo-	445419	Black & Omni (6 Suits)	2
Pablo-	445683	Pink & Muddy Rainbow (6 Suits)	2
Pablo-	451371	Alternating Clues (6 Suits)	2
Pablo-	456825	Muddy Rainbow (6 Suits)	2
Pablo-	460548	Throw It in a Hole (6 Suits)	2
Pablo-	460733	Dark Omni (5 Suits)	2
Pablo-	464760	Up or Down (6 Suits)	2
Pablo-	465707	Up or Down & Rainbow (6 Suits)	2
Pablo-	474777	Cocoa Rainbow (5 Suits)	2
Pablo-	477256	Black (5 Suits)	2
Pablo-	485696	Dark Prism (6 Suits)	2
Pablo-	486422	Up or Down & Omni (5 Suits)	2
Pablo-	487802	Black (6 Suits)	2
Pablo-	492055	Special Mix (5 Suits)	2
Pablo-	493218	Null (5 Suits)	2
Pablo-	496370	Null (5 Suits)	2
Pablo-	498276	Black & Rainbow (5 Suits)	2
Pablo-	499870	Rainbow (5 Suits)	2
Pablo-	504335	Null (5 Suits)	2
Pablo-	508478	Dual-Color (6 Suits)	2
Pablo-	509576	Cocoa Rainbow (6 Suits)	2
Pablo-	509777	Dark Prism (6 Suits)	2
Pablo-	510146	Light Pink & Dark Prism (6 Suits)	2
Pablo-	510152	Light Pink & Dark Prism (6 Suits)	2
Pablo-	511202	Muddy Rainbow (6 Suits)	2
Pablo-	511691	No Variant	2
Pablo-	511739	Gray Pink (6 Suits)	2
Pablo-	511783	Gray Pink (6 Suits)	2
Pablo-	511801	Gray Pink (6 Suits)	2
Pablo-	520709	Muddy Rainbow (6 Suits)	2
Pablo-	521114	White & Brown (6 Suits)	2
Pablo-	523218	Prism Reversed (6 Suits)	2
Pablo-	530013	Gray (5 Suits)	2
Pablo-	531105	White-Fives (6 Suits)	2
Pablo-	531672	Black & Pink (6 Suits)	2
Pablo-	534061	Brown-Ones & Dark Rainbow (6 Suits)	2
Pablo-	534097	Brown-Ones & Dark Rainbow (6 Suits)	2
Pablo-	537785	Rainbow & Gray Pink (5 Suits)	2
Pablo-	539206	Pink & White (5 Suits)	2
Pablo-	541149	Rainbow & Gray Pink (6 Suits)	2
Pablo-	541768	Black Reversed (5 Suits)	2
Pablo-	543078	Omni (5 Suits)	2
Pablo-	544394	Black & Light Pink (6 Suits)	2
Pablo-	544446	Black (6 Suits)	2
Pablo-	546645	Omni (5 Suits)	2
Pablo-	547397	Rainbow & Dark Brown (6 Suits)	2
Pablo-	558030	Prism Reversed (5 Suits)	2
Pablo-	558481	White & Muddy Rainbow (6 Suits)	2
Pablo-	562446	White-Ones & Black (6 Suits)	2
Pablo-	567250	White-Ones & Dark Brown (6 Suits)	2
Pablo-	574634	Rainbow (5 Suits)	2
Pablo-	574855	No Variant	2
Pablo-	576412	Black & Brown (6 Suits)	2
Pablo-	577072	Black & Rainbow (6 Suits)	2
Pablo-	578047	Black & Null (6 Suits)	2
Pablo-	578102	Black & Light Pink (6 Suits)	2
Pablo-	578132	Black & Prism (6 Suits)	2
Pablo-	580931	Dark Rainbow (6 Suits)	2
Pablo-	581665	Black (5 Suits)	2
Pablo-	581887	Brown (6 Suits)	2
Pablo-	582403	Null (6 Suits)	2
Pablo-	582447	Null (5 Suits)	2
Pablo-	582857	Black & Prism (6 Suits)	2
Pablo-	584592	Null (6 Suits)	2
Pablo-	586324	Up or Down (5 Suits)	2
Pablo-	586378	Rainbow & Cocoa Rainbow (6 Suits)	2
Pablo-	586723	White-Ones & Cocoa Rainbow (6 Suits)	2
Pablo-	589964	No Variant	2
Pablo-	590555	Black & Omni (6 Suits)	2
Pablo-	591619	Dual-Color (6 Suits)	2
Pablo-	591765	Pink (5 Suits)	2
Pablo-	594577	Black & Rainbow (6 Suits)	2
Pablo-	595167	Pink (6 Suits)	2
Pablo-	595238	White (6 Suits)	2
Pablo-	595781	Black & Dark Pink (6 Suits)	2
Pablo-	596008	Pink (5 Suits)	2
Pablo-	596018	Pink (5 Suits)	2
Pablo-	596828	Black & Dark Prism (6 Suits)	2
Pablo-	602315	Brown & Gray (5 Suits)	2
Pablo-	609063	Rainbow & White (6 Suits)	2
Pablo-	609640	Dual-Color & Dark Omni (6 Suits)	2
Pablo-	611469	White (6 Suits)	2
Pablo-	614092	6 Suits	2
Pablo-	615917	Black & Muddy Rainbow (5 Suits)	2
Pablo-	617351	6 Suits	2
Pablo-	619828	Black & Gray Pink (6 Suits)	2
Pablo-	623122	Dark Rainbow & Gray (6 Suits)	2
Pablo-	623134	Black & Dark Pink (6 Suits)	2
Pablo-	625799	Gray Pink (5 Suits)	2
Pablo-	633517	Black & Muddy Rainbow (5 Suits)	2
Pablo-	646160	Light Pink & Dark Rainbow (5 Suits)	2
Pablo-	646162	Light Pink & Dark Rainbow (5 Suits)	2
Pablo-	659337	Synesthesia (5 Suits)	2
Pablo-	660916	No Variant	2
Pablo-	667792	White-Ones & Pink (6 Suits)	2
Pablo-	669288	Black & Dark Pink (6 Suits)	2
Pablo-	669295	Black & Dark Pink (6 Suits)	2
Pablo-	669309	Black (5 Suits)	2
Pablo-	671953	Rainbow & Brown (6 Suits)	2
Pablo-	674241	Pink & White (6 Suits)	2
Pablo-	676746	White & Dark Pink (5 Suits)	2
Pablo-	676754	White & Dark Pink (5 Suits)	2
Pablo-	676764	White & Dark Pink (6 Suits)	2
Pablo-	677662	White-Ones & Brown (6 Suits)	2
Pablo-	678097	Rainbow & Gray (6 Suits)	2
Pablo-	678111	Black & Gray Pink (6 Suits)	2
Pablo-	678679	No Variant	2
Pablo-	678689	Dark Rainbow (5 Suits)	2
Pablo-	679307	Dark Pink & Gray (6 Suits)	2
Pablo-	679411	Black & Rainbow (5 Suits)	2
Pablo-	679587	Pink & Dark Brown (5 Suits)	2
Pablo-	680028	Synesthesia (6 Suits)	2
Pablo-	680072	No Variant	2
Pablo-	680461	Brown & Prism (5 Suits)	2
Pablo-	680658	Light-Pink-Fives & Prism (5 Suits)	2
Pablo-	681572	White-Ones (5 Suits)	2
Pablo-	682430	Pink & Dark Prism (6 Suits)	2
Pablo-	683701	Critical Fours & Prism (5 Suits)	2
Pablo-	684300	Omni (6 Suits)	2
Pablo-	684336	Gray (6 Suits)	2
Pablo-	684379	Dark Pink & Dark Prism (6 Suits)	2
Pablo-	684778	White & Dark Pink (6 Suits)	2
Pablo-	687215	Ambiguous & Brown (5 Suits)	2
Pablo-	687913	No Variant	2
Pablo-	688823	No Variant	2
Pablo-	688854	No Variant	2
Pablo-	691624	Brown & Prism (5 Suits)	2
Pablo-	692663	Rainbow & Prism (6 Suits)	2
Pablo-	692676	Muddy Rainbow & Gray (6 Suits)	2
Pablo-	692733	Light Pink & Gray (6 Suits)	2
Pablo-	692750	Light Pink & Gray (6 Suits)	2
Pablo-	693291	Black & Gray Pink (6 Suits)	2
Pablo-	696005	Rainbow & Dark Brown (5 Suits)	2
Pablo-	697887	Black Reversed (5 Suits)	2
Pablo-	698684	Rainbow-Ones (5 Suits)	2
Pablo-	699506	Cocoa Rainbow (5 Suits)	2
Pablo-	700707	Black & Dark Brown (6 Suits)	2
Pablo-	702275	White & Dark Rainbow (5 Suits)	2
Pablo-	703283	Dark Rainbow (5 Suits)	2
Pablo-	704061	Dark Pink & Gray (6 Suits)	2
Pablo-	704099	Light Pink & Dark Pink (5 Suits)	2
Pablo-	704932	Omni (5 Suits)	2
Pablo-	707012	Dark Pink (6 Suits)	2
Pablo-	707027	Black & Brown (5 Suits)	2
Pablo-	707130	Pink & Light Pink (5 Suits)	2
Pablo-	707145	Black & Brown (5 Suits)	2
Pablo-	707286	Rainbow & Muddy Rainbow (6 Suits)	2
Pablo-	708791	White-Ones & Gray Pink (6 Suits)	2
Pablo-	708974	Prism (6 Suits)	2
Pablo-	709634	Dark Omni (5 Suits)	2
Pablo-	712155	Prism & Gray Pink (5 Suits)	2
Pablo-	712962	Odds and Evens (5 Suits)	2
Pablo-	712974	Odds and Evens (5 Suits)	2
Pablo-	712988	Synesthesia & White (5 Suits)	2
Pablo-	713043	Black & White (6 Suits)	2
Pablo-	713064	White & Dark Prism (5 Suits)	2
Pablo-	713268	Rainbow & Dark Omni (5 Suits)	2
Pablo-	715997	White & Brown (6 Suits)	2
Pablo-	717061	Rainbow & Dark Prism (6 Suits)	2
Pablo-	717079	White-Ones & Dark Prism (5 Suits)	2
Pablo-	718318	No Variant	2
Pablo-	718375	Null (5 Suits)	2
Pablo-	719242	Omni (6 Suits)	2
Pablo-	719312	No Variant	2
Pablo-	719361	Null (6 Suits)	2
Pablo-	720508	Null-Fives & Prism (6 Suits)	2
Pablo-	722891	White & Cocoa Rainbow (5 Suits)	2
Pablo-	724882	Brown & Dark Omni (5 Suits)	2
Pablo-	727833	Dark Rainbow (5 Suits)	2
Pablo-	731041	Null-Ones & Rainbow (5 Suits)	2
Pablo-	731075	Null-Ones (6 Suits)	2
Pablo-	731089	Null-Ones (6 Suits)	2
Pablo-	733609	Null-Ones (5 Suits)	2
Pablo-	734323	Rainbow & Omni (6 Suits)	2
Pablo-	742719	Alternating Clues & Black (6 Suits)	2
Pablo-	746121	Muddy Rainbow & Dark Pink (5 Suits)	2
Pablo-	746216	Dark Pink & Gray (6 Suits)	2
Pablo-	750826	White (5 Suits)	2
Pablo-	752699	Rainbow & Brown (4 Suits)	2
Pablo-	753643	No Variant	2
Pablo-	756005	Brown & Gray (6 Suits)	2
Pablo-	768356	No Variant	2
Pablo-	194116	No Variant	1
Pablo-	200462	Black Reversed (6 Suits)	1
Pablo-	206728	No Variant	1
Pablo-	208593	No Variant	1
Pablo-	208848	Brown (5 Suits)	1
Pablo-	208888	Brown (5 Suits)	1
Pablo-	209516	6 Suits	1
Pablo-	209894	Dual-Color & Dark Pink (6 Suits)	1
Pablo-	213455	No Variant	1
Pablo-	213735	Rainbow (5 Suits)	1
Pablo-	217167	No Variant	1
Pablo-	217183	No Variant	1
Pablo-	217323	Black (5 Suits)	1
Pablo-	217433	Rainbow (5 Suits)	1
Pablo-	217471	Rainbow (4 Suits)	1
Pablo-	223287	6 Suits	1
Pablo-	225558	No Variant	1
Pablo-	225810	No Variant	1
Pablo-	226699	Black (5 Suits)	1
Pablo-	226712	Rainbow (4 Suits)	1
Pablo-	230505	Black (5 Suits)	1
Pablo-	231128	Pink (6 Suits)	1
Pablo-	231474	No Variant	1
Pablo-	232362	No Variant	1
Pablo-	233359	Pink (5 Suits)	1
Pablo-	234112	Rainbow (6 Suits)	1
Pablo-	234198	Up or Down (5 Suits)	1
Pablo-	236366	No Variant	1
Pablo-	236749	Rainbow (5 Suits)	1
Pablo-	237382	Pink (3 Suits)	1
Pablo-	237390	Pink (4 Suits)	1
Pablo-	237521	No Variant	1
Pablo-	237748	Brown-Fives & White (6 Suits)	1
Pablo-	237970	Up or Down (5 Suits)	1
Pablo-	238013	Up or Down (5 Suits)	1
Pablo-	238049	Up or Down & Rainbow (5 Suits)	1
Pablo-	238176	4 Suits	1
Pablo-	238177	Rainbow (4 Suits)	1
Pablo-	239031	No Variant	1
Pablo-	239139	Up or Down (6 Suits)	1
Pablo-	239241	Rainbow (4 Suits)	1
Pablo-	239273	Rainbow (5 Suits)	1
Pablo-	239379	No Variant	1
Pablo-	239469	Rainbow (6 Suits)	1
Pablo-	239645	Reversed (6 Suits)	1
Pablo-	240281	No Variant	1
Pablo-	240287	No Variant	1
Pablo-	240299	No Variant	1
Pablo-	240312	Black (6 Suits)	1
Pablo-	240426	White (4 Suits)	1
Pablo-	240470	White (6 Suits)	1
Pablo-	240589	Pink (5 Suits)	1
Pablo-	243796	Pink (3 Suits)	1
Pablo-	243871	4 Suits	1
Pablo-	243945	Black (6 Suits)	1
Pablo-	243996	No Variant	1
Pablo-	244020	No Variant	1
Pablo-	244048	Brown-Ones & Dark Rainbow (5 Suits)	1
Pablo-	244065	Brown-Ones & Dark Rainbow (5 Suits)	1
Pablo-	244923	No Variant	1
Pablo-	245144	Rainbow (6 Suits)	1
Pablo-	245827	No Variant	1
Pablo-	245877	Special Mix (5 Suits)	1
Pablo-	245880	Special Mix (5 Suits)	1
Pablo-	245894	Special Mix (5 Suits)	1
Pablo-	247462	Rainbow-Ones (4 Suits)	1
Pablo-	248645	Up or Down (6 Suits)	1
Pablo-	248652	Rainbow (6 Suits)	1
Pablo-	249651	Dark Rainbow (5 Suits)	1
Pablo-	249775	White-Ones & Rainbow (5 Suits)	1
Pablo-	249821	Black (6 Suits)	1
Pablo-	249844	Black (6 Suits)	1
Pablo-	250646	Pink (5 Suits)	1
Pablo-	251006	No Variant	1
Pablo-	252300	Rainbow & Gray Pink (5 Suits)	1
Pablo-	252328	Dark Pink (5 Suits)	1
Pablo-	253322	Rainbow (5 Suits)	1
Pablo-	254079	Dark Rainbow (5 Suits)	1
Pablo-	254455	Special Mix (5 Suits)	1
Pablo-	254703	Pink & Dark Brown (6 Suits)	1
Pablo-	255304	Rainbow (6 Suits)	1
Pablo-	255645	6 Suits	1
Pablo-	255711	No Variant	1
Pablo-	255884	White-Ones (6 Suits)	1
Pablo-	256049	No Variant	1
Pablo-	256101	No Variant	1
Pablo-	258929	White (4 Suits)	1
Pablo-	260497	No Variant	1
Pablo-	260500	No Variant	1
Pablo-	260863	White-Fives & Rainbow (5 Suits)	1
Pablo-	261485	Up or Down & Pink (6 Suits)	1
Pablo-	261588	Brown (4 Suits)	1
Pablo-	261602	White-Ones (4 Suits)	1
Pablo-	261866	Muddy Rainbow (5 Suits)	1
Pablo-	262488	Brown (3 Suits)	1
Pablo-	262748	Null-Ones (5 Suits)	1
Pablo-	263455	Omni-Ones (5 Suits)	1
Pablo-	263475	Rainbow-Fives & Black (5 Suits)	1
Pablo-	263541	Black (6 Suits)	1
Pablo-	264175	Rainbow & White (6 Suits)	1
Pablo-	264257	Rainbow & White (5 Suits)	1
Pablo-	264367	Brown (5 Suits)	1
Pablo-	264411	Pink-Ones & Pink (5 Suits)	1
Pablo-	267522	No Variant	1
Pablo-	267549	No Variant	1
Pablo-	267589	Black (6 Suits)	1
Pablo-	268088	White-Ones (5 Suits)	1
Pablo-	268132	Brown-Ones & Pink (5 Suits)	1
Pablo-	268298	Muddy Rainbow (5 Suits)	1
Pablo-	268344	Black (5 Suits)	1
Pablo-	268413	No Variant	1
Pablo-	268421	No Variant	1
Pablo-	268442	3 Suits	1
Pablo-	268513	Rainbow & White (5 Suits)	1
Pablo-	268926	6 Suits	1
Pablo-	268935	White & Light Pink (5 Suits)	1
Pablo-	269217	Black (5 Suits)	1
Pablo-	269250	Black (5 Suits)	1
Pablo-	269786	Gray (5 Suits)	1
Pablo-	274251	White (5 Suits)	1
Pablo-	274274	Pink & Brown (5 Suits)	1
Pablo-	275023	Brown (6 Suits)	1
Pablo-	275118	Rainbow (5 Suits)	1
Pablo-	275754	No Variant	1
Pablo-	275782	Omni (5 Suits)	1
Pablo-	275866	Black (6 Suits)	1
Pablo-	276880	Clue Starved & Rainbow (5 Suits)	1
Pablo-	277505	No Variant	1
Pablo-	277553	Rainbow-Ones (5 Suits)	1
Pablo-	278480	Dark Rainbow (5 Suits)	1
Pablo-	278504	Dark Rainbow (6 Suits)	1
Pablo-	278521	Up or Down (5 Suits)	1
Pablo-	278537	Up or Down (5 Suits)	1
Pablo-	279325	Rainbow-Fives & Pink (4 Suits)	1
Pablo-	280396	White (6 Suits)	1
Pablo-	281749	Dark Prism (6 Suits)	1
Pablo-	281755	Dark Prism (6 Suits)	1
Pablo-	281767	Dark Prism (6 Suits)	1
Pablo-	281825	Prism (5 Suits)	1
Pablo-	281832	Dark Prism (5 Suits)	1
Pablo-	282545	Rainbow & Pink (3 Suits)	1
Pablo-	282560	White & Prism (6 Suits)	1
Pablo-	282623	Prism (5 Suits)	1
Pablo-	284173	White & Prism (5 Suits)	1
Pablo-	284219	Pink & Prism (6 Suits)	1
Pablo-	284296	Special Mix (5 Suits)	1
Pablo-	284433	Special Mix (5 Suits)	1
Pablo-	284722	Prism & Gray (6 Suits)	1
Pablo-	284725	Light Pink (4 Suits)	1
Pablo-	284731	Dark Prism (6 Suits)	1
Pablo-	285447	Rainbow & Prism (6 Suits)	1
Pablo-	285486	Dark Prism (5 Suits)	1
Pablo-	285541	Rainbow Reversed (5 Suits)	1
Pablo-	286305	Prism & Gray (6 Suits)	1
Pablo-	287176	Dark Rainbow (5 Suits)	1
Pablo-	287213	Rainbow & Pink (6 Suits)	1
Pablo-	287216	No Variant	1
Pablo-	287236	Rainbow (6 Suits)	1
Pablo-	287311	Black & White (6 Suits)	1
Pablo-	287377	White & Prism (6 Suits)	1
Pablo-	288756	Prism (6 Suits)	1
Pablo-	288810	Up or Down & Prism (6 Suits)	1
Pablo-	293264	Up or Down & Light Pink (5 Suits)	1
Pablo-	295880	Brown (6 Suits)	1
Pablo-	295895	Black & White (5 Suits)	1
Pablo-	295912	Black & White (5 Suits)	1
Pablo-	297503	No Variant	1
Pablo-	297520	No Variant	1
Pablo-	297541	Prism (5 Suits)	1
Pablo-	298155	White-Ones & Light Pink (5 Suits)	1
Pablo-	298256	6 Suits	1
Pablo-	298282	White (6 Suits)	1
Pablo-	298775	Black & Gray (6 Suits)	1
Pablo-	298833	Black & Brown (6 Suits)	1
Pablo-	298890	Black & Brown (5 Suits)	1
Pablo-	298906	Rainbow & Pink (6 Suits)	1
Pablo-	299626	White-Fives (5 Suits)	1
Pablo-	299635	White (4 Suits)	1
Pablo-	300003	Black & White (5 Suits)	1
Pablo-	300618	Light Pink (4 Suits)	1
Pablo-	300661	No Variant	1
Pablo-	301040	Black & White (6 Suits)	1
Pablo-	303292	No Variant	1
Pablo-	303939	No Variant	1
Pablo-	304669	Omni (5 Suits)	1
Pablo-	304797	Omni (5 Suits)	1
Pablo-	305299	No Variant	1
Pablo-	305348	Omni (5 Suits)	1
Pablo-	305356	Rainbow & White (6 Suits)	1
Pablo-	305413	Black & Prism (6 Suits)	1
Pablo-	305625	Pink & Dark Prism (6 Suits)	1
Pablo-	306207	Pink-Fives & Black (6 Suits)	1
Pablo-	306233	Muddy Rainbow (5 Suits)	1
Pablo-	306254	Muddy Rainbow (5 Suits)	1
Pablo-	306302	Null-Ones & Prism (5 Suits)	1
Pablo-	307565	White-Ones (5 Suits)	1
Pablo-	309005	No Variant	1
Pablo-	310451	White & Prism (5 Suits)	1
Pablo-	310458	Dark Prism (5 Suits)	1
Pablo-	310472	Dark Prism (5 Suits)	1
Pablo-	311266	Rainbow (6 Suits)	1
Pablo-	311812	Pink (5 Suits)	1
Pablo-	311856	Light-Pink-Fives (5 Suits)	1
Pablo-	312078	Pink-Fives (5 Suits)	1
Pablo-	312140	Dark Pink (5 Suits)	1
Pablo-	313388	Alternating Clues & Black (5 Suits)	1
Pablo-	314457	Black (6 Suits)	1
Pablo-	315833	Up or Down & Prism (5 Suits)	1
Pablo-	315856	Up or Down & Muddy Rainbow (5 Suits)	1
Pablo-	317252	Brown (4 Suits)	1
Pablo-	317387	Light-Pink-Fives (5 Suits)	1
Pablo-	317409	Brown-Fives (4 Suits)	1
Pablo-	317487	Muddy-Rainbow-Fives (5 Suits)	1
Pablo-	318100	Rainbow & Pink (6 Suits)	1
Pablo-	319422	Gray (5 Suits)	1
Pablo-	319644	Rainbow-Ones (6 Suits)	1
Pablo-	319713	Rainbow-Ones & Rainbow (5 Suits)	1
Pablo-	320218	Rainbow (5 Suits)	1
Pablo-	321532	White & Prism (6 Suits)	1
Pablo-	321757	Black (6 Suits)	1
Pablo-	322483	Dark Pink (6 Suits)	1
Pablo-	322897	Black (5 Suits)	1
Pablo-	323200	Rainbow & Light Pink (5 Suits)	1
Pablo-	323858	Dark Rainbow (6 Suits)	1
Pablo-	323878	Gray (6 Suits)	1
Pablo-	323925	Dark Brown (6 Suits)	1
Pablo-	323939	Black (6 Suits)	1
Pablo-	323962	Dark Omni (6 Suits)	1
Pablo-	324393	Brown-Ones & Brown (6 Suits)	1
Pablo-	324437	Rainbow-Ones & Dark Prism (6 Suits)	1
Pablo-	324500	Pink (5 Suits)	1
Pablo-	324591	No Variant	1
Pablo-	325737	Light-Pink-Ones (5 Suits)	1
Pablo-	325755	Black (5 Suits)	1
Pablo-	325759	Black (5 Suits)	1
Pablo-	326439	Brown (5 Suits)	1
Pablo-	326480	White (5 Suits)	1
Pablo-	326497	Rainbow-Ones (6 Suits)	1
Pablo-	326503	Rainbow-Ones (6 Suits)	1
Pablo-	327987	6 Suits	1
Pablo-	328035	Light Pink & Gray (6 Suits)	1
Pablo-	328121	Prism (5 Suits)	1
Pablo-	328561	Cocoa Rainbow (6 Suits)	1
Pablo-	328622	Rainbow & Prism (6 Suits)	1
Pablo-	328669	Rainbow-Ones & Rainbow (6 Suits)	1
Pablo-	328719	Black & Rainbow (6 Suits)	1
Pablo-	328762	Null-Ones (5 Suits)	1
Pablo-	328771	Null-Ones (5 Suits)	1
Pablo-	329148	Rainbow & White (5 Suits)	1
Pablo-	329161	Black (6 Suits)	1
Pablo-	329200	Up or Down (5 Suits)	1
Pablo-	329632	Omni (5 Suits)	1
Pablo-	329802	Cocoa Rainbow (5 Suits)	1
Pablo-	329831	Rainbow & Brown (6 Suits)	1
Pablo-	329997	No Variant	1
Pablo-	330014	No Variant	1
Pablo-	330093	Black (6 Suits)	1
Pablo-	330449	Rainbow & White (5 Suits)	1
Pablo-	331212	Rainbow & Brown (5 Suits)	1
Pablo-	331226	Rainbow & Brown (5 Suits)	1
Pablo-	331236	White (4 Suits)	1
Pablo-	332250	No Variant	1
Pablo-	332308	White-Ones & Brown (5 Suits)	1
Pablo-	332381	Up or Down (5 Suits)	1
Pablo-	332428	Up or Down (5 Suits)	1
Pablo-	332450	Up or Down (5 Suits)	1
Pablo-	332526	White-Ones & Brown (6 Suits)	1
Pablo-	332643	Prism (3 Suits)	1
Pablo-	332658	No Variant	1
Pablo-	334865	Omni (4 Suits)	1
Pablo-	335305	No Variant	1
Pablo-	335324	No Variant	1
Pablo-	336823	White & Brown (5 Suits)	1
Pablo-	337155	Light-Pink-Ones & Rainbow (5 Suits)	1
Pablo-	337684	Light-Pink-Ones & White (5 Suits)	1
Pablo-	337880	White & Muddy Rainbow (5 Suits)	1
Pablo-	337907	Muddy Rainbow & Dark Prism (6 Suits)	1
Pablo-	338403	Black (6 Suits)	1
Pablo-	338437	Black (6 Suits)	1
Pablo-	338455	Muddy-Rainbow-Fives (5 Suits)	1
Pablo-	338485	Muddy-Rainbow-Fives (5 Suits)	1
Pablo-	339215	Up or Down (5 Suits)	1
Pablo-	340771	Light-Pink-Ones (6 Suits)	1
Pablo-	341970	Rainbow (4 Suits)	1
Pablo-	341979	Rainbow (4 Suits)	1
Pablo-	342334	No Variant	1
Pablo-	342883	Black (5 Suits)	1
Pablo-	343281	Rainbow (5 Suits)	1
Pablo-	343289	Dark Brown (5 Suits)	1
Pablo-	343454	Light-Pink-Ones & Brown (5 Suits)	1
Pablo-	343703	Rainbow (5 Suits)	1
Pablo-	343735	White & Light Pink (5 Suits)	1
Pablo-	343761	Light Pink (6 Suits)	1
Pablo-	343794	Cocoa Rainbow (5 Suits)	1
Pablo-	344538	Light Pink & Cocoa Rainbow (5 Suits)	1
Pablo-	344550	Light Pink & Cocoa Rainbow (5 Suits)	1
Pablo-	344558	Light Pink & Cocoa Rainbow (5 Suits)	1
Pablo-	344923	Black (6 Suits)	1
Pablo-	346246	Dark Pink (5 Suits)	1
Pablo-	347831	No Variant	1
Pablo-	349186	White & Brown (5 Suits)	1
Pablo-	350758	Dark Pink (5 Suits)	1
Pablo-	350795	Gray (6 Suits)	1
Pablo-	350831	Deceptive-Ones (4 Suits)	1
Pablo-	351632	No Variant	1
Pablo-	351753	Pink (5 Suits)	1
Pablo-	352431	No Variant	1
Pablo-	352441	No Variant	1
Pablo-	352628	Light-Pink-Ones (4 Suits)	1
Pablo-	353420	Black (5 Suits)	1
Pablo-	353484	White-Ones & Dark Pink (5 Suits)	1
Pablo-	353491	Black & Prism (6 Suits)	1
Pablo-	353563	Clue Starved & Prism (5 Suits)	1
Pablo-	353603	White-Ones & Prism (5 Suits)	1
Pablo-	353881	Brown & Muddy Rainbow (6 Suits)	1
Pablo-	354369	Muddy Rainbow (6 Suits)	1
Pablo-	354373	Black (5 Suits)	1
Pablo-	354380	Black (5 Suits)	1
Pablo-	354454	No Variant	1
Pablo-	354474	No Variant	1
Pablo-	354642	Muddy Rainbow (5 Suits)	1
Pablo-	354647	White-Ones & Brown (5 Suits)	1
Pablo-	355425	White-Ones (4 Suits)	1
Pablo-	357570	Rainbow-Fives & Cocoa Rainbow (6 Suits)	1
Pablo-	358185	Light Pink (6 Suits)	1
Pablo-	358293	Brown (3 Suits)	1
Pablo-	358300	Brown-Ones (5 Suits)	1
Pablo-	358327	Black & White (5 Suits)	1
Pablo-	358521	Muddy Rainbow (5 Suits)	1
Pablo-	358559	No Variant	1
Pablo-	358620	Rainbow & Light Pink (5 Suits)	1
Pablo-	358642	Rainbow & Light Pink (5 Suits)	1
Pablo-	358673	Rainbow-Ones (6 Suits)	1
Pablo-	358697	Brown & Gray (5 Suits)	1
Pablo-	358834	No Variant	1
Pablo-	358866	Up or Down & Rainbow (6 Suits)	1
Pablo-	360006	White-Ones (3 Suits)	1
Pablo-	360485	Black (5 Suits)	1
Pablo-	360527	White-Ones & White (4 Suits)	1
Pablo-	360678	Null-Ones & Muddy Rainbow (5 Suits)	1
Pablo-	360741	Black & Dark Pink (6 Suits)	1
Pablo-	360815	Reversed (5 Suits)	1
Pablo-	360910	No Variant	1
Pablo-	360936	Pink (5 Suits)	1
Pablo-	360966	Pink (5 Suits)	1
Pablo-	363557	Brown & Muddy Rainbow (5 Suits)	1
Pablo-	363586	Rainbow & Omni (4 Suits)	1
Pablo-	363766	Up or Down & Pink (5 Suits)	1
Pablo-	364555	Cocoa Rainbow (5 Suits)	1
Pablo-	366777	Rainbow & Brown (5 Suits)	1
Pablo-	366781	Rainbow & Brown (5 Suits)	1
Pablo-	369229	Cocoa Rainbow (5 Suits)	1
Pablo-	369318	Dark Rainbow (6 Suits)	1
Pablo-	369964	No Variant	1
Pablo-	370112	Omni-Ones (5 Suits)	1
Pablo-	370141	Dark Rainbow (5 Suits)	1
Pablo-	370876	Black & Prism (6 Suits)	1
Pablo-	370908	Black & Prism (6 Suits)	1
Pablo-	371191	Dark Prism (6 Suits)	1
Pablo-	371208	Dark Prism (6 Suits)	1
Pablo-	371777	Rainbow-Fives (5 Suits)	1
Pablo-	371920	Rainbow & Pink (6 Suits)	1
Pablo-	371931	Ambiguous & Pink (5 Suits)	1
Pablo-	371940	Muddy Rainbow & Light Pink (5 Suits)	1
Pablo-	371949	Muddy Rainbow & Light Pink (5 Suits)	1
Pablo-	371953	Muddy Rainbow & Light Pink (5 Suits)	1
Pablo-	372013	Light-Pink-Ones & Brown (5 Suits)	1
Pablo-	372259	White Reversed (5 Suits)	1
Pablo-	372286	White Reversed (5 Suits)	1
Pablo-	373818	No Variant	1
Pablo-	375024	White-Ones (5 Suits)	1
Pablo-	375103	Cocoa Rainbow (5 Suits)	1
Pablo-	375741	No Variant	1
Pablo-	376055	Alternating Clues (4 Suits)	1
Pablo-	376105	Alternating Clues (4 Suits)	1
Pablo-	376233	Rainbow & Light Pink (5 Suits)	1
Pablo-	376246	Rainbow & Light Pink (5 Suits)	1
Pablo-	376293	Light Pink (5 Suits)	1
Pablo-	377067	Black & Muddy Rainbow (5 Suits)	1
Pablo-	377314	Black & White (5 Suits)	1
Pablo-	377743	Dark Brown (5 Suits)	1
Pablo-	377836	Rainbow (5 Suits)	1
Pablo-	377983	Up or Down & White (5 Suits)	1
Pablo-	378820	No Variant	1
Pablo-	378829	No Variant	1
Pablo-	378839	No Variant	1
Pablo-	378935	Rainbow (5 Suits)	1
Pablo-	379203	Rainbow-Fives & White (5 Suits)	1
Pablo-	379776	Rainbow & Omni (5 Suits)	1
Pablo-	379788	Black Reversed (5 Suits)	1
Pablo-	379810	White-Fives (5 Suits)	1
Pablo-	380085	Throw It in a Hole (5 Suits)	1
Pablo-	380831	No Variant	1
Pablo-	380852	Cocoa Rainbow & Gray Pink (6 Suits)	1
Pablo-	384916	Up or Down (6 Suits)	1
Pablo-	384921	Up or Down (6 Suits)	1
Pablo-	384961	Dark Rainbow (6 Suits)	1
Pablo-	384982	Null (6 Suits)	1
Pablo-	385385	Brown-Ones (5 Suits)	1
Pablo-	386031	No Variant	1
Pablo-	386187	Dark Null (5 Suits)	1
Pablo-	386386	Gray (6 Suits)	1
Pablo-	387196	White (5 Suits)	1
Pablo-	387505	White-Ones & Prism (6 Suits)	1
Pablo-	388181	Up or Down & Pink (6 Suits)	1
Pablo-	389301	Omni & Dark Pink (6 Suits)	1
Pablo-	390576	White-Ones & Omni (5 Suits)	1
Pablo-	391027	Gray (5 Suits)	1
Pablo-	391240	Deceptive-Ones & Black (6 Suits)	1
Pablo-	392434	No Variant	1
Pablo-	392449	Rainbow & Light Pink (5 Suits)	1
Pablo-	392454	No Variant	1
Pablo-	392463	White-Ones & Gray (5 Suits)	1
Pablo-	392566	Light Pink (3 Suits)	1
Pablo-	392786	Brown-Ones & Pink (5 Suits)	1
Pablo-	393716	Null-Ones (5 Suits)	1
Pablo-	393813	White-Ones & Gray (5 Suits)	1
Pablo-	395482	Black & Dark Omni (6 Suits)	1
Pablo-	395681	Dark Rainbow (6 Suits)	1
Pablo-	395698	Dark Rainbow (6 Suits)	1
Pablo-	396986	Brown-Ones & Omni (5 Suits)	1
Pablo-	397087	Null (6 Suits)	1
Pablo-	399289	Brown-Ones & Muddy Rainbow (5 Suits)	1
Pablo-	399479	Brown (6 Suits)	1
Pablo-	400133	Black (5 Suits)	1
Pablo-	400148	Gray (5 Suits)	1
Pablo-	400185	Muddy-Rainbow-Ones (5 Suits)	1
Pablo-	400198	Dual-Color & Prism (6 Suits)	1
Pablo-	400339	Dual-Color & Rainbow (6 Suits)	1
Pablo-	400462	Black & Rainbow (5 Suits)	1
Pablo-	400942	Dual-Color Mix	1
Pablo-	401006	Dual-Color Mix	1
Pablo-	401279	No Variant	1
Pablo-	401912	Gray (5 Suits)	1
Pablo-	401920	Prism & Dark Omni (6 Suits)	1
Pablo-	401926	Reversed (6 Suits)	1
Pablo-	402056	Rainbow (6 Suits)	1
Pablo-	402074	Pink & Dark Rainbow (5 Suits)	1
Pablo-	402423	Clue Starved (5 Suits)	1
Pablo-	402889	Dual-Color Mix	1
Pablo-	403132	Null (6 Suits)	1
Pablo-	404295	White-Ones (5 Suits)	1
Pablo-	404332	Rainbow-Ones (5 Suits)	1
Pablo-	404368	Black (5 Suits)	1
Pablo-	404407	No Variant	1
Pablo-	405028	Dual-Color Mix	1
Pablo-	405089	Dual-Color Mix	1
Pablo-	407334	Rainbow-Ones (5 Suits)	1
Pablo-	408449	Dual-Color Mix	1
Pablo-	408650	Null-Ones (5 Suits)	1
Pablo-	408666	Special Mix (5 Suits)	1
Pablo-	408814	Dark Rainbow (5 Suits)	1
Pablo-	408896	Null-Ones (5 Suits)	1
Pablo-	411317	Black & Muddy Rainbow (5 Suits)	1
Pablo-	412140	Dual-Color Mix	1
Pablo-	413886	Dual-Color Mix	1
Pablo-	414613	Special Mix (5 Suits)	1
Pablo-	415584	White-Ones & Rainbow (5 Suits)	1
Pablo-	416990	White-Ones (6 Suits)	1
Pablo-	420945	Dark Brown (6 Suits)	1
Pablo-	420988	Dark Brown (6 Suits)	1
Pablo-	422162	Black (6 Suits)	1
Pablo-	423006	Pink & Omni (5 Suits)	1
Pablo-	423112	Pink & Brown (6 Suits)	1
Pablo-	425245	Black & Omni (5 Suits)	1
Pablo-	429245	White-Fives (6 Suits)	1
Pablo-	430090	Dark Omni (5 Suits)	1
Pablo-	431299	Black & Brown (6 Suits)	1
Pablo-	433383	Gray (6 Suits)	1
Pablo-	433569	Ambiguous & Rainbow (5 Suits)	1
Pablo-	434305	Light Pink (5 Suits)	1
Pablo-	434338	Rainbow & Omni (5 Suits)	1
Pablo-	434351	Dark Rainbow Reversed (6 Suits)	1
Pablo-	434367	Brown-Ones & Gray (5 Suits)	1
Pablo-	434375	Brown-Ones & Gray (5 Suits)	1
Pablo-	434477	Black & Pink (5 Suits)	1
Pablo-	434512	Rainbow & Brown (5 Suits)	1
Pablo-	435660	Muddy Rainbow (6 Suits)	1
Pablo-	435670	Dark Brown (6 Suits)	1
Pablo-	435684	Pink & Light Pink (5 Suits)	1
Pablo-	436689	Prism (6 Suits)	1
Pablo-	437993	Pink & Dark Rainbow (6 Suits)	1
Pablo-	438056	Reversed (5 Suits)	1
Pablo-	439078	Special Mix (5 Suits)	1
Pablo-	439375	Throw It in a Hole (6 Suits)	1
Pablo-	439431	Pink & Prism (5 Suits)	1
Pablo-	440064	White (4 Suits)	1
Pablo-	440078	White (4 Suits)	1
Pablo-	440160	Gray Pink (6 Suits)	1
Pablo-	440971	Prism Reversed (5 Suits)	1
Pablo-	444486	Rainbow & Dark Brown (6 Suits)	1
Pablo-	444502	Rainbow & Dark Brown (6 Suits)	1
Pablo-	447815	Rainbow & Pink (5 Suits)	1
Pablo-	450099	Rainbow & Null (3 Suits)	1
Pablo-	450137	White-Ones & Black (5 Suits)	1
Pablo-	451188	Throw It in a Hole (6 Suits)	1
Pablo-	451389	Alternating Clues (6 Suits)	1
Pablo-	453268	Black (6 Suits)	1
Pablo-	453325	Black (6 Suits)	1
Pablo-	453979	Throw It in a Hole (6 Suits)	1
Pablo-	456194	Throw It in a Hole (6 Suits)	1
Pablo-	456684	Reversed (5 Suits)	1
Pablo-	456781	Muddy Rainbow (6 Suits)	1
Pablo-	456861	Cocoa Rainbow (5 Suits)	1
Pablo-	456906	Cocoa Rainbow (5 Suits)	1
Pablo-	457949	Dark Brown (5 Suits)	1
Pablo-	458807	White-Ones (5 Suits)	1
Pablo-	458852	Cocoa Rainbow (5 Suits)	1
Pablo-	458869	Cocoa Rainbow (5 Suits)	1
Pablo-	459284	Throw It in a Hole (6 Suits)	1
Pablo-	459418	White-Ones (5 Suits)	1
Pablo-	461557	Dark Null (6 Suits)	1
Pablo-	474792	Cocoa Rainbow (5 Suits)	1
Pablo-	475057	Cocoa Rainbow (6 Suits)	1
Pablo-	475189	Light Pink (4 Suits)	1
Pablo-	478157	No Variant	1
Pablo-	479075	Brown & Prism (4 Suits)	1
Pablo-	481525	3 Suits	1
Pablo-	481699	Black (5 Suits)	1
Pablo-	486385	Muddy Rainbow & Gray Pink (6 Suits)	1
Pablo-	486428	Up or Down & Omni (5 Suits)	1
Pablo-	487232	No Variant	1
Pablo-	487253	Null (5 Suits)	1
Pablo-	492050	Muddy Rainbow & Gray (5 Suits)	1
Pablo-	493298	Null (5 Suits)	1
Pablo-	494029	Ambiguous & Dual-Color	1
Pablo-	495183	Dark Omni (5 Suits)	1
Pablo-	496391	Null (5 Suits)	1
Pablo-	496457	Null (5 Suits)	1
Pablo-	496557	Rainbow & Light Pink (5 Suits)	1
Pablo-	498565	Black & Pink (5 Suits)	1
Pablo-	498631	Pink & Prism (5 Suits)	1
Pablo-	499742	Pink (5 Suits)	1
Pablo-	504100	Rainbow & Light Pink (4 Suits)	1
Pablo-	504110	Rainbow & Light Pink (4 Suits)	1
Pablo-	504389	Null (5 Suits)	1
Pablo-	505563	Null (5 Suits)	1
Pablo-	509449	Cocoa Rainbow (5 Suits)	1
Pablo-	509631	Gray Pink (6 Suits)	1
Pablo-	511168	Gray (5 Suits)	1
Pablo-	511654	Black (5 Suits)	1
Pablo-	511768	Gray Pink (6 Suits)	1
Pablo-	512270	White-Fives & Pink (5 Suits)	1
Pablo-	515749	Dark Null (5 Suits)	1
Pablo-	520661	White-Ones & Muddy Rainbow (5 Suits)	1
Pablo-	520783	Up or Down (6 Suits)	1
Pablo-	525023	Black & Rainbow (5 Suits)	1
Pablo-	525032	Black & Rainbow (5 Suits)	1
Pablo-	530058	Gray (5 Suits)	1
Pablo-	533658	Pink & Brown (6 Suits)	1
Pablo-	537829	Rainbow & Gray (5 Suits)	1
Pablo-	537851	Rainbow & Gray (5 Suits)	1
Pablo-	538577	Gray (5 Suits)	1
Pablo-	538623	Gray (5 Suits)	1
Pablo-	540103	Pink-Ones (5 Suits)	1
Pablo-	540976	No Variant	1
Pablo-	540985	No Variant	1
Pablo-	544400	Black & Light Pink (6 Suits)	1
Pablo-	544411	Light Pink (5 Suits)	1
Pablo-	544432	Black (6 Suits)	1
Pablo-	545781	Black & Omni (5 Suits)	1
Pablo-	546269	Black & White (5 Suits)	1
Pablo-	546668	Omni (5 Suits)	1
Pablo-	549704	Brown-Fives & Pink (5 Suits)	1
Pablo-	550306	No Variant	1
Pablo-	550884	Omni (5 Suits)	1
Pablo-	550895	Omni (5 Suits)	1
Pablo-	550899	Omni (5 Suits)	1
Pablo-	551783	Black & Null (6 Suits)	1
Pablo-	554201	White & Dark Omni (6 Suits)	1
Pablo-	556813	Black & Light Pink (5 Suits)	1
Pablo-	558004	Black & Prism (6 Suits)	1
Pablo-	564172	White-Ones & Dark Brown (6 Suits)	1
Pablo-	567234	White-Ones & Dark Brown (6 Suits)	1
Pablo-	567555	White-Ones & Dark Brown (5 Suits)	1
Pablo-	568789	Brown (6 Suits)	1
Pablo-	574623	Black (5 Suits)	1
Pablo-	576400	Black (5 Suits)	1
Pablo-	578120	Black & Dark Pink (6 Suits)	1
Pablo-	579274	Black & Dark Rainbow (6 Suits)	1
Pablo-	579295	Black (6 Suits)	1
Pablo-	579306	Muddy Rainbow (6 Suits)	1
Pablo-	579327	6 Suits	1
Pablo-	581643	Rainbow (5 Suits)	1
Pablo-	582841	White-Ones & Light Pink (5 Suits)	1
Pablo-	584553	Null (6 Suits)	1
Pablo-	586307	Dark Rainbow Reversed (6 Suits)	1
Pablo-	587710	Rainbow (5 Suits)	1
Pablo-	587739	Brown (4 Suits)	1
Pablo-	587755	Brown (4 Suits)	1
Pablo-	588208	White & Dark Pink (6 Suits)	1
Pablo-	588349	Special Mix (5 Suits)	1
Pablo-	588992	White (6 Suits)	1
Pablo-	589001	Rainbow & Dark Brown (5 Suits)	1
Pablo-	590415	Rainbow (3 Suits)	1
Pablo-	591631	Pink & Dark Prism (6 Suits)	1
Pablo-	591746	Black (5 Suits)	1
Pablo-	594572	Black (5 Suits)	1
Pablo-	595207	Gray Pink (5 Suits)	1
Pablo-	595226	Dark Prism (5 Suits)	1
Pablo-	595766	Pink (6 Suits)	1
Pablo-	595775	Black & Dark Pink (6 Suits)	1
Pablo-	595796	White-Ones & Black (5 Suits)	1
Pablo-	595803	White-Ones & White (6 Suits)	1
Pablo-	595938	Null (5 Suits)	1
Pablo-	596307	White-Ones (6 Suits)	1
Pablo-	596335	Light Pink (5 Suits)	1
Pablo-	596404	White-Ones & Dark Pink (6 Suits)	1
Pablo-	596434	White-Ones & Dark Pink (6 Suits)	1
Pablo-	596815	White-Ones (5 Suits)	1
Pablo-	600161	Brown & Dark Rainbow (5 Suits)	1
Pablo-	600627	Dual-Color (6 Suits)	1
Pablo-	602275	White (6 Suits)	1
Pablo-	602319	Brown & Gray (5 Suits)	1
Pablo-	602323	Brown & Gray (5 Suits)	1
Pablo-	602341	Rainbow (6 Suits)	1
Pablo-	603685	Rainbow & Dark Brown (5 Suits)	1
Pablo-	606491	White-Ones & Rainbow (6 Suits)	1
Pablo-	609080	Rainbow & Dark Pink (6 Suits)	1
Pablo-	609652	Ambiguous & Omni (5 Suits)	1
Pablo-	610534	Black & Gray (6 Suits)	1
Pablo-	612283	Black & Dark Prism (6 Suits)	1
Pablo-	614045	6 Suits	1
Pablo-	614063	6 Suits	1
Pablo-	616729	6 Suits	1
Pablo-	616735	6 Suits	1
Pablo-	616742	6 Suits	1
Pablo-	616757	6 Suits	1
Pablo-	617335	6 Suits	1
Pablo-	617378	6 Suits	1
Pablo-	617399	6 Suits	1
Pablo-	617871	Dark Rainbow (6 Suits)	1
Pablo-	619838	Black & Dark Prism (6 Suits)	1
Pablo-	619852	Black & Dark Omni (6 Suits)	1
Pablo-	621630	Black & Light Pink (5 Suits)	1
Pablo-	623901	Pink & Cocoa Rainbow (6 Suits)	1
Pablo-	633506	Black & Muddy Rainbow (5 Suits)	1
Pablo-	637155	Black & Dark Rainbow (6 Suits)	1
Pablo-	637643	Dark Rainbow & Dark Pink (6 Suits)	1
Pablo-	637654	Dark Rainbow & Dark Pink (6 Suits)	1
Pablo-	637661	Dark Rainbow & Dark Pink (6 Suits)	1
Pablo-	638758	Dark Pink & Gray Pink (6 Suits)	1
Pablo-	644675	Pink & Brown (4 Suits)	1
Pablo-	644680	Pink & Brown (4 Suits)	1
Pablo-	644686	White-Ones & White (6 Suits)	1
Pablo-	644694	Black & White (5 Suits)	1
Pablo-	648659	Black & Muddy Rainbow (6 Suits)	1
Pablo-	652376	Critical Fours (6 Suits)	1
Pablo-	659445	No Variant	1
Pablo-	660818	Black & Dark Rainbow (6 Suits)	1
Pablo-	660911	Black & Dark Rainbow (6 Suits)	1
Pablo-	666147	Rainbow & Light Pink (6 Suits)	1
Pablo-	666615	Rainbow & Dark Omni (5 Suits)	1
Pablo-	667051	White-Ones & Brown (6 Suits)	1
Pablo-	667678	Rainbow & Dark Omni (5 Suits)	1
Pablo-	667738	Rainbow & Dark Omni (5 Suits)	1
Pablo-	668854	Pink & White (5 Suits)	1
Pablo-	669297	Dark Prism Reversed (6 Suits)	1
Pablo-	670448	Rainbow & Gray (5 Suits)	1
Pablo-	670454	Black & Muddy Rainbow (6 Suits)	1
Pablo-	676098	Brown-Ones & White (5 Suits)	1
Pablo-	677049	Black & Muddy Rainbow (6 Suits)	1
Pablo-	677463	Black & Gray (6 Suits)	1
Pablo-	677468	Black & Gray (6 Suits)	1
Pablo-	677475	Black & Gray Pink (6 Suits)	1
Pablo-	677764	White-Ones & Pink (6 Suits)	1
Pablo-	678102	Rainbow & Gray (6 Suits)	1
Pablo-	678107	Black & Gray Pink (6 Suits)	1
Pablo-	678121	Dark Rainbow (6 Suits)	1
Pablo-	678133	Dark Rainbow (6 Suits)	1
Pablo-	678148	Rainbow (5 Suits)	1
Pablo-	678682	Dark Rainbow (5 Suits)	1
Pablo-	678708	Black & Rainbow (6 Suits)	1
Pablo-	679316	Rainbow & Dark Prism (5 Suits)	1
Pablo-	679612	Pink & Dark Brown (5 Suits)	1
Pablo-	679627	Pink & Dark Brown (5 Suits)	1
Pablo-	680064	No Variant	1
Pablo-	680449	Cocoa Rainbow (6 Suits)	1
Pablo-	680451	Cocoa Rainbow (6 Suits)	1
Pablo-	680465	4 Suits	1
Pablo-	680633	Light-Pink-Fives & Prism (5 Suits)	1
Pablo-	680811	Black & Pink (5 Suits)	1
Pablo-	680817	Omni (3 Suits)	1
Pablo-	680824	Omni (3 Suits)	1
Pablo-	681297	White-Ones & Muddy Rainbow (6 Suits)	1
Pablo-	681646	Rainbow & Pink (6 Suits)	1
Pablo-	683740	Light-Pink-Fives & Black (5 Suits)	1
Pablo-	683744	Light-Pink-Fives & Black (5 Suits)	1
Pablo-	684354	White & Light Pink (5 Suits)	1
Pablo-	684387	Dark Pink & Dark Prism (6 Suits)	1
Pablo-	684393	Dark Pink & Dark Prism (6 Suits)	1
Pablo-	684399	Dark Pink & Dark Prism (6 Suits)	1
Pablo-	684405	Dark Pink & Dark Prism (6 Suits)	1
Pablo-	684773	White & Dark Pink (6 Suits)	1
Pablo-	684849	Pink & Prism (5 Suits)	1
Pablo-	684875	Pink & Prism (5 Suits)	1
Pablo-	685259	No Variant	1
Pablo-	685507	Prism & Dark Pink (5 Suits)	1
Pablo-	689562	Omni (5 Suits)	1
Pablo-	690060	Pink & White (6 Suits)	1
Pablo-	690140	Very Ambiguous (6 Suits)	1
Pablo-	690229	Very Ambiguous (6 Suits)	1
Pablo-	690263	Very Ambiguous (6 Suits)	1
Pablo-	690931	Brown & Prism (5 Suits)	1
Pablo-	691204	Dark Brown (5 Suits)	1
Pablo-	691627	Pink & Prism (6 Suits)	1
Pablo-	691653	Pink & Gray (6 Suits)	1
Pablo-	691657	Black & Dark Pink (6 Suits)	1
Pablo-	692706	Pink & Gray (6 Suits)	1
Pablo-	693264	Dark Pink (5 Suits)	1
Pablo-	694715	Null-Ones & Rainbow (6 Suits)	1
Pablo-	695942	Black & Pink (5 Suits)	1
Pablo-	695967	Light Pink & Dark Pink (6 Suits)	1
Pablo-	695975	White (5 Suits)	1
Pablo-	695982	Light Pink & Prism (5 Suits)	1
Pablo-	696812	Rainbow-Ones & Dark Brown (6 Suits)	1
Pablo-	697656	Black Reversed (5 Suits)	1
Pablo-	697891	Black Reversed (5 Suits)	1
Pablo-	698668	Rainbow & Muddy Rainbow (6 Suits)	1
Pablo-	699236	Rainbow & Pink (5 Suits)	1
Pablo-	699239	Rainbow & Prism (5 Suits)	1
Pablo-	699245	Rainbow & Prism (5 Suits)	1
Pablo-	699531	Cocoa Rainbow (5 Suits)	1
Pablo-	700007	White & Prism (5 Suits)	1
Pablo-	700028	Black Reversed (5 Suits)	1
Pablo-	700058	Black & Dark Brown (6 Suits)	1
Pablo-	701456	Black & Dark Rainbow (6 Suits)	1
Pablo-	701671	Black & Pink (5 Suits)	1
Pablo-	703297	Black & Dark Rainbow (6 Suits)	1
Pablo-	703994	Cocoa Rainbow (5 Suits)	1
Pablo-	704033	Black & Dark Prism (6 Suits)	1
Pablo-	704087	White & Dark Rainbow (6 Suits)	1
Pablo-	704090	White & Dark Rainbow (5 Suits)	1
Pablo-	704106	Light Pink & Dark Pink (5 Suits)	1
Pablo-	704114	Prism & Dark Pink (5 Suits)	1
Pablo-	704895	Pink (6 Suits)	1
Pablo-	706377	Black & Dark Rainbow (6 Suits)	1
Pablo-	706384	Rainbow & Dark Brown (5 Suits)	1
Pablo-	706388	Rainbow & Dark Omni (5 Suits)	1
Pablo-	707050	Black & Rainbow (6 Suits)	1
Pablo-	707056	Black & Rainbow (6 Suits)	1
Pablo-	707088	Rainbow & Gray Pink (5 Suits)	1
Pablo-	707099	Pink & Dark Rainbow (5 Suits)	1
Pablo-	707113	Pink & Dark Rainbow (5 Suits)	1
Pablo-	708937	Light Pink (4 Suits)	1
Pablo-	708955	Muddy Rainbow (3 Suits)	1
Pablo-	709580	Omni (5 Suits)	1
Pablo-	709593	Omni (6 Suits)	1
Pablo-	709598	Dark Rainbow (5 Suits)	1
Pablo-	709601	Dark Rainbow (5 Suits)	1
Pablo-	709645	Prism (5 Suits)	1
Pablo-	709652	Pink & Cocoa Rainbow (5 Suits)	1
Pablo-	713015	Odds and Evens (5 Suits)	1
Pablo-	713023	Odds and Evens (5 Suits)	1
Pablo-	713051	Black & White (6 Suits)	1
Pablo-	713321	Brown & Dark Prism (5 Suits)	1
Pablo-	715071	White & Dark Omni (5 Suits)	1
Pablo-	715977	Pink & Dark Rainbow (6 Suits)	1
Pablo-	716122	White & Omni (6 Suits)	1
Pablo-	716151	Rainbow & Muddy Rainbow (5 Suits)	1
Pablo-	717071	Rainbow & Dark Prism (6 Suits)	1
Pablo-	717149	White & Omni (6 Suits)	1
Pablo-	718141	White-Ones & Black (5 Suits)	1
Pablo-	718156	Muddy Rainbow & Dark Brown (5 Suits)	1
Pablo-	718336	No Variant	1
Pablo-	718361	Null (5 Suits)	1
Pablo-	718393	Null (5 Suits)	1
Pablo-	719831	Critical Fours (6 Suits)	1
Pablo-	720483	Null-Ones & Black (5 Suits)	1
Pablo-	722153	Null-Ones (6 Suits)	1
Pablo-	722172	Null (5 Suits)	1
Pablo-	722217	Black & Null (5 Suits)	1
Pablo-	724870	Brown & Dark Prism (5 Suits)	1
Pablo-	724879	Brown & Gray Pink (5 Suits)	1
Pablo-	727811	Light Pink & Gray (5 Suits)	1
Pablo-	731072	Null-Ones (6 Suits)	1
Pablo-	733628	Null-Ones & Prism (5 Suits)	1
Pablo-	734326	Brown & Cocoa Rainbow (5 Suits)	1
Pablo-	736705	Light Pink & Dark Rainbow (5 Suits)	1
Pablo-	739371	Brown & Muddy Rainbow (6 Suits)	1
Pablo-	746130	Muddy Rainbow & Dark Pink (5 Suits)	1
Pablo-	746133	Pink & Dark Rainbow (5 Suits)	1
Pablo-	746203	Dark Pink & Gray (6 Suits)	1
Pablo-	752714	White & Dark Pink (6 Suits)	1
Pablo-	753203	Rainbow & Gray Pink (6 Suits)	1
Pablo-	753648	No Variant	1
Pablo-	768347	No Variant	1
Pablo-	768365	White (5 Suits)	1
Pablo-	194073	No Variant	0
Pablo-	203994	Reversed (5 Suits)	0
Pablo-	208914	Brown (5 Suits)	0
Pablo-	209808	Dark Rainbow Reversed (5 Suits)	0
Pablo-	209951	No Variant	0
Pablo-	214544	No Variant	0
Pablo-	224424	3 Suits	0
Pablo-	224434	3 Suits	0
Pablo-	224446	3 Suits	0
Pablo-	224460	3 Suits	0
Pablo-	224467	3 Suits	0
Pablo-	224484	3 Suits	0
Pablo-	225572	Black (5 Suits)	0
Pablo-	230637	Up or Down (5 Suits)	0
Pablo-	231115	Up or Down (5 Suits)	0
Pablo-	231420	No Variant	0
Pablo-	233433	Up or Down (6 Suits)	0
Pablo-	234163	Rainbow (3 Suits)	0
Pablo-	236510	No Variant	0
Pablo-	237379	Pink (3 Suits)	0
Pablo-	237383	Pink (3 Suits)	0
Pablo-	237386	Pink (3 Suits)	0
Pablo-	237392	Pink (6 Suits)	0
Pablo-	237423	Dark Rainbow (6 Suits)	0
Pablo-	237645	Black (5 Suits)	0
Pablo-	237923	Up or Down (5 Suits)	0
Pablo-	238180	Rainbow (4 Suits)	0
Pablo-	238183	Rainbow (4 Suits)	0
Pablo-	238194	Reversed (5 Suits)	0
Pablo-	239109	4 Suits	0
Pablo-	239340	Black (5 Suits)	0
Pablo-	240303	No Variant	0
Pablo-	240550	Dark Omni (5 Suits)	0
Pablo-	240559	Pink & White (4 Suits)	0
Pablo-	240575	Pink (5 Suits)	0
Pablo-	243770	Pink (3 Suits)	0
Pablo-	243783	Pink (3 Suits)	0
Pablo-	243864	4 Suits	0
Pablo-	243873	4 Suits	0
Pablo-	243881	Dark Pink (6 Suits)	0
Pablo-	243935	Pink (3 Suits)	0
Pablo-	245975	Rainbow (6 Suits)	0
Pablo-	246900	White (5 Suits)	0
Pablo-	246909	Black & White (6 Suits)	0
Pablo-	247303	Rainbow (5 Suits)	0
Pablo-	248679	No Variant	0
Pablo-	249737	White-Ones (5 Suits)	0
Pablo-	250142	No Variant	0
Pablo-	250671	Pink (5 Suits)	0
Pablo-	252365	Light Pink (5 Suits)	0
Pablo-	253257	Rainbow & Pink (5 Suits)	0
Pablo-	253295	Up or Down & White (6 Suits)	0
Pablo-	253429	No Variant	0
Pablo-	253624	Special Mix (5 Suits)	0
Pablo-	254468	Special Mix (5 Suits)	0
Pablo-	254496	Special Mix (5 Suits)	0
Pablo-	254717	Pink & Dark Brown (6 Suits)	0
Pablo-	255489	Rainbow & White (3 Suits)	0
Pablo-	255754	Rainbow & Pink (5 Suits)	0
Pablo-	256030	No Variant	0
Pablo-	256086	No Variant	0
Pablo-	256283	Black (5 Suits)	0
Pablo-	258925	White (4 Suits)	0
Pablo-	258933	Pink (3 Suits)	0
Pablo-	258936	Pink & White (6 Suits)	0
Pablo-	260510	No Variant	0
Pablo-	260513	No Variant	0
Pablo-	261581	4 Suits	0
Pablo-	261613	No Variant	0
Pablo-	261625	Rainbow (5 Suits)	0
Pablo-	262483	No Variant	0
Pablo-	262492	White & Brown (4 Suits)	0
Pablo-	263443	White-Ones (5 Suits)	0
Pablo-	263448	Pink-Ones (5 Suits)	0
Pablo-	264303	Pink (4 Suits)	0
Pablo-	268094	3 Suits	0
Pablo-	268106	3 Suits	0
Pablo-	268458	Brown-Ones & Rainbow (4 Suits)	0
Pablo-	268484	Brown-Ones & Rainbow (4 Suits)	0
Pablo-	268954	White & Light Pink (5 Suits)	0
Pablo-	269814	No Variant	0
Pablo-	274256	White (5 Suits)	0
Pablo-	274265	Rainbow & Pink (5 Suits)	0
Pablo-	274400	Brown (5 Suits)	0
Pablo-	275036	Brown-Ones (4 Suits)	0
Pablo-	275741	White-Ones & Brown (5 Suits)	0
Pablo-	275749	No Variant	0
Pablo-	275774	Up or Down (5 Suits)	0
Pablo-	275777	Up or Down (5 Suits)	0
Pablo-	275894	Black (6 Suits)	0
Pablo-	275927	Black (6 Suits)	0
Pablo-	276474	Up or Down & White (5 Suits)	0
Pablo-	276626	Dual-Color (6 Suits)	0
Pablo-	276755	Light Pink & Dark Pink (6 Suits)	0
Pablo-	276955	Special Mix (5 Suits)	0
Pablo-	277496	No Variant	0
Pablo-	277538	3 Suits	0
Pablo-	277563	Rainbow-Ones (5 Suits)	0
Pablo-	277579	Pink-Ones (5 Suits)	0
Pablo-	277833	No Variant	0
Pablo-	280174	Up or Down (5 Suits)	0
Pablo-	281113	Rainbow & Omni (5 Suits)	0
Pablo-	281744	Prism (6 Suits)	0
Pablo-	282517	Rainbow & Pink (3 Suits)	0
Pablo-	282536	Rainbow & Pink (3 Suits)	0
Pablo-	282548	Rainbow & Pink (3 Suits)	0
Pablo-	282552	Rainbow & Pink (3 Suits)	0
Pablo-	283986	White (5 Suits)	0
Pablo-	284350	Special Mix (5 Suits)	0
Pablo-	284738	Dark Prism (6 Suits)	0
Pablo-	285438	Rainbow & Prism (6 Suits)	0
Pablo-	286330	Black & Prism (5 Suits)	0
Pablo-	286334	Black & Prism (5 Suits)	0
Pablo-	287163	Light Pink (5 Suits)	0
Pablo-	287180	Dark Rainbow (5 Suits)	0
Pablo-	287280	Prism (3 Suits)	0
Pablo-	287292	Prism (3 Suits)	0
Pablo-	287333	Black & Prism (5 Suits)	0
Pablo-	291671	No Variant	0
Pablo-	294836	White (5 Suits)	0
Pablo-	294852	White (5 Suits)	0
Pablo-	296619	Black & Prism (5 Suits)	0
Pablo-	296624	Black & Prism (5 Suits)	0
Pablo-	296628	Black & Light Pink (6 Suits)	0
Pablo-	297490	No Variant	0
Pablo-	297705	No Variant	0
Pablo-	298217	Rainbow-Fives & White (5 Suits)	0
Pablo-	298231	Rainbow-Fives & White (5 Suits)	0
Pablo-	298306	Special Mix (5 Suits)	0
Pablo-	298371	Brown (4 Suits)	0
Pablo-	298396	Brown (6 Suits)	0
Pablo-	298765	Prism (4 Suits)	0
Pablo-	298768	Gray Pink (5 Suits)	0
Pablo-	298841	Pink (4 Suits)	0
Pablo-	299176	Black (5 Suits)	0
Pablo-	300637	White (4 Suits)	0
Pablo-	300645	White (4 Suits)	0
Pablo-	300876	Omni (5 Suits)	0
Pablo-	301023	Black & White (6 Suits)	0
Pablo-	302355	Dark Omni (5 Suits)	0
Pablo-	302373	Dark Omni (5 Suits)	0
Pablo-	304183	4 Suits	0
Pablo-	304825	Omni (5 Suits)	0
Pablo-	304906	Pink (3 Suits)	0
Pablo-	305657	Dark Brown (5 Suits)	0
Pablo-	305676	Light Pink & Prism (5 Suits)	0
Pablo-	306103	Prism (6 Suits)	0
Pablo-	306177	White (5 Suits)	0
Pablo-	306221	White Reversed (5 Suits)	0
Pablo-	306292	Muddy Rainbow (5 Suits)	0
Pablo-	308245	Black (6 Suits)	0
Pablo-	313356	Brown (5 Suits)	0
Pablo-	313383	Alternating Clues (5 Suits)	0
Pablo-	317401	Brown-Fives (4 Suits)	0
Pablo-	317459	White-Ones & White (5 Suits)	0
Pablo-	317474	White-Ones & White (5 Suits)	0
Pablo-	317479	White-Ones & White (5 Suits)	0
Pablo-	321562	No Variant	0
Pablo-	322379	Dark Rainbow (5 Suits)	0
Pablo-	322389	Dark Rainbow (5 Suits)	0
Pablo-	322400	Rainbow (4 Suits)	0
Pablo-	322506	Light-Pink-Fives (5 Suits)	0
Pablo-	322512	Light-Pink-Fives (5 Suits)	0
Pablo-	322906	Up or Down (6 Suits)	0
Pablo-	323053	Gray Reversed (6 Suits)	0
Pablo-	323071	Up or Down & Muddy Rainbow (5 Suits)	0
Pablo-	323276	Light Pink (4 Suits)	0
Pablo-	323318	Black & Rainbow (6 Suits)	0
Pablo-	323724	Black (6 Suits)	0
Pablo-	324380	Brown-Ones & Brown (6 Suits)	0
Pablo-	324564	White (3 Suits)	0
Pablo-	324577	White (3 Suits)	0
Pablo-	325002	White (3 Suits)	0
Pablo-	325010	Omni (4 Suits)	0
Pablo-	326406	Black & Dark Prism (6 Suits)	0
Pablo-	326418	Rainbow (5 Suits)	0
Pablo-	326464	No Variant	0
Pablo-	327262	6 Suits	0
Pablo-	327973	White (6 Suits)	0
Pablo-	327976	White-Ones & Brown (5 Suits)	0
Pablo-	327998	4 Suits	0
Pablo-	328626	Rainbow & Prism (6 Suits)	0
Pablo-	328641	Dark Omni (5 Suits)	0
Pablo-	328692	Rainbow-Ones & Rainbow (6 Suits)	0
Pablo-	328781	Null-Ones (5 Suits)	0
Pablo-	329142	No Variant	0
Pablo-	329149	White & Prism (4 Suits)	0
Pablo-	329791	Cocoa Rainbow (5 Suits)	0
Pablo-	329797	Cocoa Rainbow (5 Suits)	0
Pablo-	330442	Black (5 Suits)	0
Pablo-	331114	Brown (5 Suits)	0
Pablo-	331156	Reversed (5 Suits)	0
Pablo-	331169	Rainbow & Brown (5 Suits)	0
Pablo-	332278	No Variant	0
Pablo-	332415	Up or Down (5 Suits)	0
Pablo-	332514	Up or Down & Rainbow (6 Suits)	0
Pablo-	332560	Dark Null (5 Suits)	0
Pablo-	332573	Dark Null (5 Suits)	0
Pablo-	332590	Dark Null (5 Suits)	0
Pablo-	334357	No Variant	0
Pablo-	334363	Rainbow (4 Suits)	0
Pablo-	334365	Dark Rainbow (6 Suits)	0
Pablo-	335252	Rainbow & White (4 Suits)	0
Pablo-	335259	No Variant	0
Pablo-	336789	Brown (5 Suits)	0
Pablo-	336799	Up or Down (6 Suits)	0
Pablo-	337091	Rainbow (3 Suits)	0
Pablo-	337121	Light-Pink-Ones & Black (5 Suits)	0
Pablo-	337143	Light-Pink-Ones & Rainbow (5 Suits)	0
Pablo-	337660	White (6 Suits)	0
Pablo-	340103	Dark Prism Reversed (5 Suits)	0
Pablo-	341667	No Variant	0
Pablo-	341955	White-Ones (4 Suits)	0
Pablo-	343779	Cocoa Rainbow (5 Suits)	0
Pablo-	344448	White & Dark Prism (5 Suits)	0
Pablo-	344491	Black (5 Suits)	0
Pablo-	344579	Light Pink & Cocoa Rainbow (5 Suits)	0
Pablo-	347124	Pink (5 Suits)	0
Pablo-	347275	Rainbow & Brown (5 Suits)	0
Pablo-	347845	Pink & Brown (5 Suits)	0
Pablo-	348577	Muddy Rainbow (6 Suits)	0
Pablo-	348594	White-Ones & Brown (4 Suits)	0
Pablo-	348598	Prism (4 Suits)	0
Pablo-	348973	Rainbow & White (5 Suits)	0
Pablo-	349001	White-Ones & Prism (5 Suits)	0
Pablo-	349042	Pink & Brown (5 Suits)	0
Pablo-	349150	Light Pink (5 Suits)	0
Pablo-	350134	Deceptive-Ones (5 Suits)	0
Pablo-	350171	White & Brown (5 Suits)	0
Pablo-	350770	Omni (6 Suits)	0
Pablo-	350782	Omni (5 Suits)	0
Pablo-	351692	Dark Omni (5 Suits)	0
Pablo-	352411	Dark Rainbow (5 Suits)	0
Pablo-	352785	Dual-Color (5 Suits)	0
Pablo-	352800	Dual-Color (5 Suits)	0
Pablo-	353440	Black (5 Suits)	0
Pablo-	353617	White-Ones & Prism (5 Suits)	0
Pablo-	353659	White-Ones & Light Pink (5 Suits)	0
Pablo-	354362	White-Ones & Black (5 Suits)	0
Pablo-	355492	Dark Pink (5 Suits)	0
Pablo-	355890	White (4 Suits)	0
Pablo-	357484	Rainbow & Gray (5 Suits)	0
Pablo-	358180	Rainbow & Omni (5 Suits)	0
Pablo-	358195	Pink & Prism (5 Suits)	0
Pablo-	358311	Dark Brown (5 Suits)	0
Pablo-	358320	Dark Brown (5 Suits)	0
Pablo-	358542	Pink (4 Suits)	0
Pablo-	358550	Dark Brown (5 Suits)	0
Pablo-	358595	White-Ones (5 Suits)	0
Pablo-	360028	Rainbow (6 Suits)	0
Pablo-	360515	White-Ones (6 Suits)	0
Pablo-	360520	White-Ones & White (4 Suits)	0
Pablo-	360546	White-Ones & White (5 Suits)	0
Pablo-	360724	Gray (6 Suits)	0
Pablo-	362415	White (5 Suits)	0
Pablo-	362423	Black (5 Suits)	0
Pablo-	362430	Black (5 Suits)	0
Pablo-	362635	Dark Null (5 Suits)	0
Pablo-	362655	Dark Null (5 Suits)	0
Pablo-	363423	Rainbow-Fives (5 Suits)	0
Pablo-	363431	Rainbow-Fives (5 Suits)	0
Pablo-	363722	Rainbow & White (5 Suits)	0
Pablo-	364013	4 Suits	0
Pablo-	364639	Rainbow-Fives (5 Suits)	0
Pablo-	365552	White-Fives (5 Suits)	0
Pablo-	366788	Rainbow & Brown (5 Suits)	0
Pablo-	366803	Dual-Color Mix	0
Pablo-	366869	Black & Rainbow (5 Suits)	0
Pablo-	367637	Dual-Color (5 Suits)	0
Pablo-	368181	Dual-Color & White (6 Suits)	0
Pablo-	370079	Black & Brown (5 Suits)	0
Pablo-	370089	Black & Brown (5 Suits)	0
Pablo-	370800	No Variant	0
Pablo-	370884	Black & Prism (6 Suits)	0
Pablo-	370931	Black & Prism (6 Suits)	0
Pablo-	371154	Rainbow (5 Suits)	0
Pablo-	371739	Rainbow & Brown (5 Suits)	0
Pablo-	372039	Light-Pink-Ones & Brown (5 Suits)	0
Pablo-	373812	No Variant	0
Pablo-	373831	Brown (3 Suits)	0
Pablo-	374996	4 Suits	0
Pablo-	375009	4 Suits	0
Pablo-	375086	Cocoa Rainbow (5 Suits)	0
Pablo-	375120	Cocoa Rainbow (5 Suits)	0
Pablo-	375749	Rainbow-Fives (4 Suits)	0
Pablo-	377744	White-Ones & White (5 Suits)	0
Pablo-	377997	No Variant	0
Pablo-	378031	Black & Pink (6 Suits)	0
Pablo-	379178	Rainbow-Fives & White (5 Suits)	0
Pablo-	380035	Throw It in a Hole & White (5 Suits)	0
Pablo-	382137	No Variant	0
Pablo-	384251	Black & Prism (5 Suits)	0
Pablo-	384298	Black & Prism (5 Suits)	0
Pablo-	384998	Dual-Color (5 Suits)	0
Pablo-	385021	Dual-Color (5 Suits)	0
Pablo-	385411	Brown-Ones (5 Suits)	0
Pablo-	386018	Brown-Fives (5 Suits)	0
Pablo-	386048	Rainbow & Brown (5 Suits)	0
Pablo-	386180	Dark Null (5 Suits)	0
Pablo-	386589	Clue Starved (5 Suits)	0
Pablo-	386642	Gray (6 Suits)	0
Pablo-	387209	Black & Rainbow (6 Suits)	0
Pablo-	387566	Rainbow & Gray (6 Suits)	0
Pablo-	388191	Brown & Prism (5 Suits)	0
Pablo-	390509	Rainbow & Dark Brown (6 Suits)	0
Pablo-	390606	White-Ones & Omni (5 Suits)	0
Pablo-	391059	Dark Rainbow (5 Suits)	0
Pablo-	391089	Dark Rainbow (5 Suits)	0
Pablo-	392394	White-Ones & Gray (5 Suits)	0
Pablo-	392401	Up or Down & Omni (6 Suits)	0
Pablo-	392577	Light Pink (3 Suits)	0
Pablo-	392590	Light Pink (3 Suits)	0
Pablo-	392636	Omni (4 Suits)	0
Pablo-	392679	Omni (4 Suits)	0
Pablo-	393694	Dual-Color (5 Suits)	0
Pablo-	395724	Pink & Dark Brown (6 Suits)	0
Pablo-	395742	Pink & Dark Brown (6 Suits)	0
Pablo-	395770	Pink & Dark Brown (6 Suits)	0
Pablo-	395889	White-Ones & Brown (6 Suits)	0
Pablo-	397032	Omni-Fives & Omni (5 Suits)	0
Pablo-	397062	Omni-Fives & Omni (5 Suits)	0
Pablo-	397128	Black (5 Suits)	0
Pablo-	397165	Black (5 Suits)	0
Pablo-	398675	Muddy-Rainbow-Ones & Dark Prism (6 Suits)	0
Pablo-	400205	Dual-Color & Prism (6 Suits)	0
Pablo-	400237	Pink-Fives & Black (5 Suits)	0
Pablo-	400244	Pink-Fives & Black (5 Suits)	0
Pablo-	402092	Black (5 Suits)	0
Pablo-	404458	Muddy Rainbow (4 Suits)	0
Pablo-	407203	White-Ones & White (5 Suits)	0
Pablo-	407305	Light Pink & Gray (6 Suits)	0
Pablo-	407317	Rainbow-Ones (5 Suits)	0
Pablo-	408699	Special Mix (5 Suits)	0
Pablo-	411295	Dark Pink (6 Suits)	0
Pablo-	411303	Black & Muddy Rainbow (5 Suits)	0
Pablo-	411409	Muddy-Rainbow-Fives & Pink (6 Suits)	0
Pablo-	411454	Rainbow-Ones & White (6 Suits)	0
Pablo-	414521	Omni-Ones & White (4 Suits)	0
Pablo-	414658	Brown (5 Suits)	0
Pablo-	417937	Omni (3 Suits)	0
Pablo-	417965	Omni (3 Suits)	0
Pablo-	420924	No Variant	0
Pablo-	420969	Dark Brown (6 Suits)	0
Pablo-	422034	Black & Muddy Rainbow (6 Suits)	0
Pablo-	423066	White-Fives & White (6 Suits)	0
Pablo-	423901	Dark Brown (6 Suits)	0
Pablo-	424173	Gray (5 Suits)	0
Pablo-	424236	White-Ones & Gray (5 Suits)	0
Pablo-	427539	Dark Pink (5 Suits)	0
Pablo-	427545	Dark Pink (5 Suits)	0
Pablo-	429078	Special Mix (5 Suits)	0
Pablo-	429114	Special Mix (5 Suits)	0
Pablo-	429284	Black & Rainbow (5 Suits)	0
Pablo-	429383	White-Ones & White (4 Suits)	0
Pablo-	430109	Cocoa Rainbow (6 Suits)	0
Pablo-	430339	Black & Rainbow (5 Suits)	0
Pablo-	432377	White-Ones (3 Suits)	0
Pablo-	433401	Alternating Clues & Black (5 Suits)	0
Pablo-	433421	White-Ones & Pink (5 Suits)	0
Pablo-	433596	Ambiguous & Rainbow (5 Suits)	0
Pablo-	434358	Brown-Ones & Gray (5 Suits)	0
Pablo-	434525	Alternating Clues & Dark Prism (6 Suits)	0
Pablo-	435926	White & Brown (4 Suits)	0
Pablo-	435956	White & Brown (5 Suits)	0
Pablo-	436020	Pink (4 Suits)	0
Pablo-	436702	Prism (6 Suits)	0
Pablo-	436726	Prism (6 Suits)	0
Pablo-	436730	3 Suits	0
Pablo-	437983	Pink & Dark Rainbow (6 Suits)	0
Pablo-	438008	Rainbow & Pink (6 Suits)	0
Pablo-	438086	Muddy-Rainbow-Ones & White (5 Suits)	0
Pablo-	441020	Up or Down & Prism (5 Suits)	0
Pablo-	441827	Throw It in a Hole (6 Suits)	0
Pablo-	443041	White-Ones & Dark Prism (6 Suits)	0
Pablo-	445432	White & Prism (5 Suits)	0
Pablo-	445523	No Variant	0
Pablo-	447783	Brown & Prism (5 Suits)	0
Pablo-	448779	Gray Pink (6 Suits)	0
Pablo-	450790	White-Ones & Black (5 Suits)	0
Pablo-	450800	White-Ones & Black (5 Suits)	0
Pablo-	450882	Black & Pink (5 Suits)	0
Pablo-	451341	Black (5 Suits)	0
Pablo-	451429	Null-Ones & Prism (6 Suits)	0
Pablo-	457901	White (5 Suits)	0
Pablo-	459381	Dark Brown (5 Suits)	0
Pablo-	467070	Prism (3 Suits)	0
Pablo-	467083	Prism (3 Suits)	0
Pablo-	467094	Prism (3 Suits)	0
Pablo-	477212	Black (5 Suits)	0
Pablo-	477301	Black (5 Suits)	0
Pablo-	481506	3 Suits	0
Pablo-	484467	Pink & White (5 Suits)	0
Pablo-	485725	Dark Prism (6 Suits)	0
Pablo-	491275	Black & Light Pink (5 Suits)	0
Pablo-	492288	Pink & White (5 Suits)	0
Pablo-	500978	Null (5 Suits)	0
Pablo-	504127	Black (5 Suits)	0
Pablo-	505605	Null (5 Suits)	0
Pablo-	505710	Null (5 Suits)	0
Pablo-	509549	Gray (5 Suits)	0
Pablo-	509810	Dark Prism (6 Suits)	0
Pablo-	511158	Gray (5 Suits)	0
Pablo-	511627	Special Mix (5 Suits)	0
Pablo-	511678	Black (5 Suits)	0
Pablo-	511708	No Variant	0
Pablo-	511754	Gray Pink (6 Suits)	0
Pablo-	513337	Gray (5 Suits)	0
Pablo-	513352	Dark Prism (5 Suits)	0
Pablo-	515014	Gray (5 Suits)	0
Pablo-	519707	Dark Prism (6 Suits)	0
Pablo-	520638	Dark Prism (5 Suits)	0
Pablo-	525038	Muddy Rainbow (5 Suits)	0
Pablo-	526052	Rainbow & Dark Pink (5 Suits)	0
Pablo-	529966	Gray (5 Suits)	0
Pablo-	530812	Rainbow & Pink (6 Suits)	0
Pablo-	531085	Prism Reversed (4 Suits)	0
Pablo-	531665	Black & Pink (6 Suits)	0
Pablo-	532966	Deceptive-Ones & Rainbow (5 Suits)	0
Pablo-	534037	Omni (5 Suits)	0
Pablo-	536747	Black & Rainbow (5 Suits)	0
Pablo-	537804	Rainbow & Gray Pink (5 Suits)	0
Pablo-	539417	Omni (3 Suits)	0
Pablo-	539433	Omni (3 Suits)	0
Pablo-	540115	Pink & Brown (5 Suits)	0
Pablo-	541029	Rainbow-Fives & Black (5 Suits)	0
Pablo-	541177	Brown & Prism (6 Suits)	0
Pablo-	541786	Omni (6 Suits)	0
Pablo-	542664	Brown & Prism (6 Suits)	0
Pablo-	542986	Omni (5 Suits)	0
Pablo-	544393	Rainbow & Muddy Rainbow (5 Suits)	0
Pablo-	544425	Gray (5 Suits)	0
Pablo-	546561	Black & Omni (6 Suits)	0
Pablo-	546592	White & Omni (5 Suits)	0
Pablo-	547370	Rainbow & Dark Brown (6 Suits)	0
Pablo-	549709	Brown-Fives & Pink (5 Suits)	0
Pablo-	550230	No Variant	0
Pablo-	550864	Omni (5 Suits)	0
Pablo-	550878	Omni (5 Suits)	0
Pablo-	551744	No Variant	0
Pablo-	555795	Rainbow-Ones (3 Suits)	0
Pablo-	564204	White-Ones & Dark Brown (6 Suits)	0
Pablo-	567550	White-Ones & Dark Brown (6 Suits)	0
Pablo-	574651	Dark Rainbow (6 Suits)	0
Pablo-	574655	Omni (3 Suits)	0
Pablo-	576392	Black (5 Suits)	0
Pablo-	577077	Black (5 Suits)	0
Pablo-	577097	Black (5 Suits)	0
Pablo-	578125	Black & Dark Pink (6 Suits)	0
Pablo-	579266	Gray Pink (6 Suits)	0
Pablo-	579281	Black (6 Suits)	0
Pablo-	580266	Gray Pink (6 Suits)	0
Pablo-	581634	3 Suits	0
Pablo-	581683	Black (6 Suits)	0
Pablo-	581922	Rainbow (3 Suits)	0
Pablo-	581932	3 Suits	0
Pablo-	582850	White-Ones & Light Pink (5 Suits)	0
Pablo-	583732	No Variant	0
Pablo-	583795	No Variant	0
Pablo-	585298	Pink & Dark Prism (5 Suits)	0
Pablo-	586344	Up or Down (5 Suits)	0
Pablo-	586395	Pink & Dark Rainbow (6 Suits)	0
Pablo-	587726	Brown (4 Suits)	0
Pablo-	587772	Black & Omni (5 Suits)	0
Pablo-	588175	White & Dark Pink (5 Suits)	0
Pablo-	588381	Special Mix (5 Suits)	0
Pablo-	588411	Special Mix (5 Suits)	0
Pablo-	589013	Black & Rainbow (6 Suits)	0
Pablo-	589034	Dark Rainbow (5 Suits)	0
Pablo-	589041	Dark Rainbow (5 Suits)	0
Pablo-	589043	Dark Rainbow (5 Suits)	0
Pablo-	589046	4 Suits	0
Pablo-	589764	Rainbow (5 Suits)	0
Pablo-	589892	Rainbow-Ones & Omni (6 Suits)	0
Pablo-	590017	No Variant	0
Pablo-	590418	Rainbow (3 Suits)	0
Pablo-	590431	Dark Prism (5 Suits)	0
Pablo-	590522	Pink & Dark Prism (6 Suits)	0
Pablo-	591644	Pink & Dark Brown (5 Suits)	0
Pablo-	591754	Pink (3 Suits)	0
Pablo-	591775	Pink (5 Suits)	0
Pablo-	592166	Dark Rainbow (5 Suits)	0
Pablo-	594582	Light Pink (5 Suits)	0
Pablo-	595179	Pink (6 Suits)	0
Pablo-	595213	Dark Prism (5 Suits)	0
Pablo-	595778	Black & Dark Pink (6 Suits)	0
Pablo-	595991	Rainbow (5 Suits)	0
Pablo-	596314	Pink (5 Suits)	0
Pablo-	596810	White-Ones (6 Suits)	0
Pablo-	596822	White-Ones (6 Suits)	0
Pablo-	600149	Brown-Ones & Dark Brown (5 Suits)	0
Pablo-	601761	Dark Omni (6 Suits)	0
Pablo-	606512	White-Ones & Rainbow (6 Suits)	0
Pablo-	610529	Pink & White (5 Suits)	0
Pablo-	610538	Black & Gray (6 Suits)	0
Pablo-	610543	Black & Gray (6 Suits)	0
Pablo-	611459	Gray (5 Suits)	0
Pablo-	611462	Gray (5 Suits)	0
Pablo-	612274	Black & Brown (5 Suits)	0
Pablo-	614565	Black & Rainbow (6 Suits)	0
Pablo-	615372	Black & Muddy Rainbow (5 Suits)	0
Pablo-	615379	White & Dark Pink (5 Suits)	0
Pablo-	615928	Black & Muddy Rainbow (5 Suits)	0
Pablo-	618586	4 Suits	0
Pablo-	619847	Black & Dark Omni (6 Suits)	0
Pablo-	621628	Black & Light Pink (5 Suits)	0
Pablo-	623756	Rainbow & Light Pink (5 Suits)	0
Pablo-	625790	Gray Pink (5 Suits)	0
Pablo-	637162	Gray Pink (5 Suits)	0
Pablo-	637171	White-Ones & White (6 Suits)	0
Pablo-	638745	No Variant	0
Pablo-	638750	Gray Pink (5 Suits)	0
Pablo-	638766	Dark Pink & Gray Pink (6 Suits)	0
Pablo-	644671	Rainbow & Brown (4 Suits)	0
Pablo-	648163	No Variant	0
Pablo-	652084	Synesthesia (5 Suits)	0
Pablo-	652096	Synesthesia (5 Suits)	0
Pablo-	652384	Critical Fours & Pink (5 Suits)	0
Pablo-	659429	No Variant	0
Pablo-	660590	Black & Dark Pink (6 Suits)	0
Pablo-	660856	Black & Dark Rainbow (6 Suits)	0
Pablo-	660924	Prism & Gray (6 Suits)	0
Pablo-	667659	Rainbow & Dark Omni (5 Suits)	0
Pablo-	667711	Rainbow & Dark Omni (5 Suits)	0
Pablo-	667811	Cocoa Rainbow (5 Suits)	0
Pablo-	669300	Black (5 Suits)	0
Pablo-	669315	Black (5 Suits)	0
Pablo-	669441	Prism Reversed (6 Suits)	0
Pablo-	669466	Prism Reversed (6 Suits)	0
Pablo-	670443	Rainbow & Gray (5 Suits)	0
Pablo-	670451	Black & Muddy Rainbow (6 Suits)	0
Pablo-	672238	White-Ones & Black (5 Suits)	0
Pablo-	674264	Dark Brown (6 Suits)	0
Pablo-	674273	Dark Brown (5 Suits)	0
Pablo-	674280	Dark Brown (5 Suits)	0
Pablo-	676086	White-Fives & Black (5 Suits)	0
Pablo-	676738	White & Dark Pink (5 Suits)	0
Pablo-	676741	White & Dark Pink (5 Suits)	0
Pablo-	676756	White & Dark Pink (5 Suits)	0
Pablo-	676851	No Variant	0
Pablo-	677028	Black & Pink (6 Suits)	0
Pablo-	677484	Black & Gray Pink (6 Suits)	0
Pablo-	677490	Black & Gray Pink (6 Suits)	0
Pablo-	678136	Rainbow (5 Suits)	0
Pablo-	678675	Black & Dark Prism (6 Suits)	0
Pablo-	678693	Gray Pink (5 Suits)	0
Pablo-	678919	White & Dark Brown (5 Suits)	0
Pablo-	679312	White & Gray Pink (5 Suits)	0
Pablo-	679328	Rainbow & Dark Prism (5 Suits)	0
Pablo-	679485	Black & Rainbow (5 Suits)	0
Pablo-	679522	Rainbow & Dark Pink (5 Suits)	0
Pablo-	679562	Rainbow & Dark Pink (5 Suits)	0
Pablo-	679603	Pink & Dark Brown (5 Suits)	0
Pablo-	679869	Light-Pink-Fives & White (4 Suits)	0
Pablo-	680448	Pink & Dark Rainbow (5 Suits)	0
Pablo-	680800	Black & Pink (5 Suits)	0
Pablo-	680820	Omni (3 Suits)	0
Pablo-	681658	Prism (6 Suits)	0
Pablo-	682499	Prism & Gray (5 Suits)	0
Pablo-	682540	Prism & Gray (5 Suits)	0
Pablo-	683714	Gray Pink (5 Suits)	0
Pablo-	683801	White-Ones & Brown (6 Suits)	0
Pablo-	683820	White-Ones & Dark Brown (6 Suits)	0
Pablo-	684318	White & Light Pink (5 Suits)	0
Pablo-	685404	Prism & Dark Pink (5 Suits)	0
Pablo-	687220	Ambiguous & Brown (5 Suits)	0
Pablo-	687223	Ambiguous & Brown (5 Suits)	0
Pablo-	689505	No Variant	0
Pablo-	689524	No Variant	0
Pablo-	690035	Black & White (6 Suits)	0
Pablo-	691229	Dark Brown (5 Suits)	0
Pablo-	691632	White & Prism (6 Suits)	0
Pablo-	691636	White & Prism (6 Suits)	0
Pablo-	692607	No Variant	0
Pablo-	692635	No Variant	0
Pablo-	693271	Dark Pink (5 Suits)	0
Pablo-	694682	Null-Ones & Rainbow (6 Suits)	0
Pablo-	694789	6 Suits	0
Pablo-	695939	Rainbow & Light Pink (4 Suits)	0
Pablo-	695945	Rainbow & Dark Brown (5 Suits)	0
Pablo-	695950	Cocoa Rainbow (5 Suits)	0
Pablo-	695955	Black & Muddy Rainbow (5 Suits)	0
Pablo-	695959	Black & Muddy Rainbow (5 Suits)	0
Pablo-	695989	Black & Dark Rainbow (6 Suits)	0
Pablo-	696804	Rainbow-Ones & Dark Pink (6 Suits)	0
Pablo-	697626	Cocoa Rainbow (5 Suits)	0
Pablo-	697646	Black Reversed (6 Suits)	0
Pablo-	697661	Black Reversed (5 Suits)	0
Pablo-	697878	Black Reversed (6 Suits)	0
Pablo-	697921	Black Reversed (6 Suits)	0
Pablo-	698731	Pink & White (6 Suits)	0
Pablo-	700020	Rainbow & Dark Pink (6 Suits)	0
Pablo-	701451	Black Reversed (5 Suits)	0
Pablo-	701466	Black & Dark Rainbow (6 Suits)	0
Pablo-	701657	Black & Pink (5 Suits)	0
Pablo-	701691	Black & Pink (5 Suits)	0
Pablo-	702255	White & Dark Rainbow (5 Suits)	0
Pablo-	703131	Black & Muddy Rainbow (6 Suits)	0
Pablo-	704011	Rainbow & Gray (5 Suits)	0
Pablo-	704058	Dark Rainbow (5 Suits)	0
Pablo-	704110	Prism & Dark Pink (5 Suits)	0
Pablo-	704911	Black & Cocoa Rainbow (6 Suits)	0
Pablo-	706523	Cocoa Rainbow (6 Suits)	0
Pablo-	706540	Pink & Dark Rainbow (5 Suits)	0
Pablo-	706552	Pink & Dark Rainbow (5 Suits)	0
Pablo-	707022	Cocoa Rainbow (6 Suits)	0
Pablo-	707038	Cocoa Rainbow (6 Suits)	0
Pablo-	707042	Black & Rainbow (6 Suits)	0
Pablo-	707136	Black & Brown (5 Suits)	0
Pablo-	707226	White (4 Suits)	0
Pablo-	707242	Rainbow (4 Suits)	0
Pablo-	707260	Rainbow (4 Suits)	0
Pablo-	708797	Prism & Dark Brown (5 Suits)	0
Pablo-	708942	Muddy Rainbow (3 Suits)	0
Pablo-	708947	Muddy Rainbow (3 Suits)	0
Pablo-	708963	Muddy Rainbow (3 Suits)	0
Pablo-	709572	Rainbow & Pink (4 Suits)	0
Pablo-	709588	Omni (5 Suits)	0
Pablo-	709595	Omni (6 Suits)	0
Pablo-	709602	Rainbow & Dark Omni (5 Suits)	0
Pablo-	709606	Pink & Dark Brown (5 Suits)	0
Pablo-	709609	Pink & Dark Brown (5 Suits)	0
Pablo-	709629	Light Pink (3 Suits)	0
Pablo-	709648	Pink & Cocoa Rainbow (5 Suits)	0
Pablo-	712118	Pink & Dark Rainbow (5 Suits)	0
Pablo-	712120	Pink & Dark Rainbow (5 Suits)	0
Pablo-	712124	Pink & Cocoa Rainbow (5 Suits)	0
Pablo-	712167	Prism & Gray Pink (5 Suits)	0
Pablo-	712994	Odds and Evens (5 Suits)	0
Pablo-	713037	Odds and Evens (6 Suits)	0
Pablo-	713059	White & Dark Prism (5 Suits)	0
Pablo-	713062	White & Dark Prism (5 Suits)	0
Pablo-	713200	White & Dark Brown (6 Suits)	0
Pablo-	713300	Brown & Dark Pink (5 Suits)	0
Pablo-	714960	White-Ones & Brown (6 Suits)	0
Pablo-	714977	White-Ones & Dark Prism (5 Suits)	0
Pablo-	715052	White & Dark Omni (5 Suits)	0
Pablo-	715076	White & Dark Omni (5 Suits)	0
Pablo-	715079	Pink & Dark Omni (5 Suits)	0
Pablo-	716079	Brown & Prism (6 Suits)	0
Pablo-	717095	Dark Rainbow (5 Suits)	0
Pablo-	718132	Pink & Dark Omni (5 Suits)	0
Pablo-	718300	No Variant	0
Pablo-	718412	Null (4 Suits)	0
Pablo-	719269	No Variant	0
Pablo-	719340	Null (3 Suits)	0
Pablo-	719817	Critical Fours (6 Suits)	0
Pablo-	719843	Pink & Gray Pink (5 Suits)	0
Pablo-	719861	White & Cocoa Rainbow (5 Suits)	0
Pablo-	719864	Pink & Cocoa Rainbow (5 Suits)	0
Pablo-	720478	White-Ones & Dark Brown (5 Suits)	0
Pablo-	720574	Omni-Ones & White (4 Suits)	0
Pablo-	720576	Omni-Ones & White (4 Suits)	0
Pablo-	720695	Null-Ones (5 Suits)	0
Pablo-	721939	Black & Light Pink (5 Suits)	0
Pablo-	722051	Rainbow (5 Suits)	0
Pablo-	722134	Dark Pink (5 Suits)	0
Pablo-	722881	White & Cocoa Rainbow (5 Suits)	0
Pablo-	722907	White & Cocoa Rainbow (5 Suits)	0
Pablo-	724551	Brown & Dark Rainbow (5 Suits)	0
Pablo-	724576	Prism & Dark Pink (6 Suits)	0
Pablo-	724866	Brown & Dark Rainbow (5 Suits)	0
Pablo-	724877	Brown & Gray (5 Suits)	0
Pablo-	724904	Rainbow & Dark Omni (5 Suits)	0
Pablo-	727797	White-Ones & Dark Pink (5 Suits)	0
Pablo-	727826	Dark Rainbow (5 Suits)	0
Pablo-	734329	Brown & Cocoa Rainbow (5 Suits)	0
Pablo-	734399	Rainbow & Dark Pink (6 Suits)	0
Pablo-	736699	Clue Starved (5 Suits)	0
Pablo-	736701	Prism & Gray Pink (5 Suits)	0
Pablo-	739369	Black & Dark Rainbow (6 Suits)	0
Pablo-	742776	Muddy-Rainbow-Ones & Gray Pink (5 Suits)	0
Pablo-	746195	Dark Rainbow & Dark Pink (6 Suits)	0
Pablo-	751240	Rainbow & White (4 Suits)	0
Pablo-	751243	Black & White (5 Suits)	0
Pablo-	752703	White & Dark Pink (5 Suits)	0
Pablo-	752709	White & Dark Pink (5 Suits)	0
Pablo-	752712	White & Dark Pink (5 Suits)	0
Pablo-	752721	White & Dark Pink (6 Suits)	0
Pablo-	752733	White & Dark Pink (6 Suits)	0
Pablo-	752736	White-Ones & Dark Pink (6 Suits)	0
Pablo-	752737	White-Ones & Dark Pink (6 Suits)	0
Pablo-	752740	White-Ones & Dark Pink (6 Suits)	0
Pablo-	752749	White-Ones & Dark Pink (6 Suits)	0
Pablo-	753201	Rainbow & Muddy Rainbow (5 Suits)	0
Pablo-	756013	Brown & Cocoa Rainbow (6 Suits)	0
Pablo-	757248	Pink & Muddy Rainbow (5 Suits)	0
Pablo-	757252	Pink & Dark Prism (5 Suits)	0
Pablo-	768377	White (6 Suits)	0
Pablo-	770396	6 Suits	0
Pablo-	794052	Muddy Rainbow & Dark Omni (5 Suits)	0
