Player name	W/L(%)	Total games	Easy	Null	Single dark	Double dark
MarcLovesDogs	150.0	5	100.0	0.0	0.0	0.0
bulbasaur	116.67	13	100.0	0.0	0.0	0.0
bob65536	100.0	2	100.0	0.0	0.0	0.0
FerKeth	100.0	4	25.0	0.0	75.0	0.0
florrat2	100.0	4	100.0	0.0	0.0	0.0
knaphill	100.0	2	100.0	0.0	0.0	0.0
Libster	100.0	6	100.0	0.0	0.0	0.0
sin_nofaith	100.0	2	100.0	0.0	0.0	0.0
voss	100.0	2	50.0	0.0	50.0	0.0
colton	66.67	5	100.0	0.0	0.0	0.0
fishcat	66.67	10	50.0	0.0	50.0	0.0
hailey	66.67	5	100.0	0.0	0.0	0.0
MangoPie	66.67	15	93.33	0.0	6.67	0.0
moeski	66.67	5	100.0	0.0	0.0	0.0
charmander	55.56	28	89.29	0.0	10.71	0.0
aquarelle	50.0	24	70.83	0.0	29.17	0.0
ejwu	50.0	3	66.67	0.0	33.33	0.0
frosty104	50.0	21	42.86	0.0	47.62	9.52
fuckthiswebsite	50.0	3	66.67	0.0	33.33	0.0
ReaverSe	50.0	3	100.0	0.0	0.0	0.0
sheamol	50.0	3	100.0	0.0	0.0	0.0
Pablo-	46.67	22	63.64	0.0	36.36	0.0
Valetta6789	43.27	245	68.98	1.22	25.71	4.08
Andrew_UK	40.0	7	100.0	0.0	0.0	0.0
ebin_noob	40.0	7	100.0	0.0	0.0	0.0
ADrone	39.81	151	59.6	7.95	32.45	0.0
sjdrodge	38.71	86	50.0	12.79	37.21	0.0
jack67889	35.29	23	52.17	0.0	47.83	0.0
piper	34.67	975	49.03	7.38	28.72	14.87
ChristopheAF	33.33	8	75.0	0.0	25.0	0.0
doctorabi	33.33	20	75.0	0.0	25.0	0.0
paulcd2000	33.33	4	75.0	0.0	25.0	0.0
qqqq	33.33	4	50.0	0.0	50.0	0.0
VerySloppyTwo	33.33	4	100.0	0.0	0.0	0.0
wortel	33.33	4	100.0	0.0	0.0	0.0
asaelr	32.79	81	50.62	0.0	46.91	2.47
hakha3	32.46	151	54.3	13.25	32.45	0.0
jeff10	30.0	13	76.92	0.0	23.08	0.0
rkass	29.63	35	34.29	0.0	65.71	0.0
Nitrate2	27.5	51	76.47	5.88	17.65	0.0
pianoblook	27.4	981	42.1	7.54	32.82	17.53
IAMJEFF	26.67	418	72.73	1.44	19.14	6.7
lotem	25.81	39	82.05	0.0	12.82	5.13
Onen	25.0	10	60.0	0.0	40.0	0.0
ricardodd	25.0	5	60.0	0.0	40.0	0.0
Nitrate	24.44	56	75.0	5.36	19.64	0.0
Fey	24.42	321	66.36	3.43	29.28	0.93
Romain672	22.45	60	73.33	11.67	15.0	0.0
kooolant	22.28	653	69.83	5.36	20.83	3.98
CastlesInTheAir	22.22	11	27.27	27.27	45.45	0.0
Floriman	22.19	457	48.36	2.63	35.23	13.79
Livia	22.08	94	54.26	0.0	40.43	5.32
plus	21.69	101	61.39	0.99	29.7	7.92
postmans	21.52	96	86.46	1.04	9.38	3.12
kevincaseytdk1	21.05	23	43.48	0.0	52.17	4.35
swineherd	20.83	29	86.21	0.0	13.79	0.0
avanderwalde	20.75	128	31.25	7.81	53.91	7.03
honzas	20.59	41	65.85	0.0	21.95	12.2
derekcheah	20.41	59	67.8	0.0	32.2	0.0
alphabeta	20.0	12	33.33	8.33	58.33	0.0
Carunty	20.0	12	83.33	0.0	16.67	0.0
willwin4sure	20.0	6	100.0	0.0	0.0	0.0
Zakisan	20.0	30	66.67	0.0	30.0	3.33
indego	19.44	43	51.16	0.0	48.84	0.0
Kyle	19.37	339	54.28	5.9	33.04	6.78
Lel0uch	19.35	74	48.65	0.0	51.35	0.0
Fireheart	19.17	143	44.06	4.2	48.25	3.5
TheDaniMan	19.05	75	66.67	17.33	16.0	0.0
Wittvector	19.05	25	64.0	0.0	36.0	0.0
TimeHoodie	17.88	501	48.7	2.79	42.51	5.99
Hoodie	17.84	502	48.61	2.79	42.63	5.98
frollo9386	16.67	7	28.57	0.0	71.43	0.0
letical	16.67	7	100.0	0.0	0.0	0.0
StKildaFan	16.67	7	100.0	0.0	0.0	0.0
micerang	15.79	66	75.76	3.03	21.21	0.0
melwen	15.44	157	51.59	8.28	40.13	0.0
dobi	15.38	45	60.0	0.0	40.0	0.0
Lanvin	14.81	31	90.32	0.0	9.68	0.0
Div	14.29	8	75.0	0.0	25.0	0.0
duckmammal	14.29	56	42.86	12.5	39.29	5.36
orucsoraihc	14.29	8	62.5	0.0	37.5	0.0
RaKXeR	14.29	16	56.25	0.0	31.25	12.5
sephiroth	13.79	33	63.64	0.0	36.36	0.0
scharkbite	13.66	183	50.27	4.37	37.7	7.65
Lilliana	13.04	26	80.77	0.0	19.23	0.0
squirtle	12.0	28	57.14	7.14	35.71	0.0
XMIL	12.0	28	60.71	0.0	28.57	10.71
padi	11.48	68	61.76	1.47	26.47	10.29
will.i.am	11.11	50	36.0	2.0	56.0	6.0
JerryYang	10.71	62	59.68	0.0	40.32	0.0
DMoney	10.66	218	38.53	2.75	45.41	13.3
duckington	10.0	11	100.0	0.0	0.0	0.0
sin_faith	9.76	90	54.44	1.11	27.78	16.67
Bonja97	9.38	35	88.57	0.0	11.43	0.0
Dr_Kakashi	9.08	3317	29.3	2.83	23.3	44.56
Zamiel	8.76	534	50.56	5.24	37.64	6.55
HelanaAshryvr	8.7	25	72.0	0.0	28.0	0.0
MarkusKahlsen	8.33	13	84.62	0.0	15.38	0.0
Yuga Suggah	8.33	13	100.0	0.0	0.0	0.0
rachyrules	7.14	15	46.67	0.0	53.33	0.0
rz	7.14	15	73.33	0.0	26.67	0.0
Cory	5.26	20	35.0	0.0	65.0	0.0
Sucubis	4.55	23	56.52	0.0	43.48	0.0
timotree	3.45	60	43.33	10.0	36.67	10.0
newduke	3.33	31	67.74	6.45	25.81	0.0
4head	0.0	1	100.0	0.0	0.0	0.0
Ahming	0.0	9	11.11	11.11	77.78	0.0
Aluap	0.0	3	0.0	0.0	100.0	0.0
andre_smaira	0.0	1	100.0	0.0	0.0	0.0
Animex52	0.0	3	33.33	66.67	0.0	0.0
Artificial	0.0	3	100.0	0.0	0.0	0.0
Asddsa76	0.0	2	100.0	0.0	0.0	0.0
bjnh	0.0	2	50.0	0.0	50.0	0.0
BlueNovember	0.0	1	100.0	0.0	0.0	0.0
boba	0.0	1	100.0	0.0	0.0	0.0
BraydonM	0.0	2	100.0	0.0	0.0	0.0
catula	0.0	2	100.0	0.0	0.0	0.0
CptAggro	0.0	1	100.0	0.0	0.0	0.0
dicelover	0.0	1	100.0	0.0	0.0	0.0
Doge	0.0	1	100.0	0.0	0.0	0.0
DrJones	0.0	6	50.0	0.0	50.0	0.0
emilyzhao	0.0	2	100.0	0.0	0.0	0.0
esakach	0.0	1	100.0	0.0	0.0	0.0
Feer	0.0	2	0.0	0.0	100.0	0.0
Feich59	0.0	6	100.0	0.0	0.0	0.0
hanabornoob	0.0	1	100.0	0.0	0.0	0.0
Hyphen-ated	0.0	1	100.0	0.0	0.0	0.0
IsabeltheCat	0.0	7	85.71	0.0	14.29	0.0
Iullo	0.0	1	100.0	0.0	0.0	0.0
JackFrost	0.0	1	100.0	0.0	0.0	0.0
JDepp	0	1	100.0	0.0	0.0	0.0
joelwool	0.0	1	100.0	0.0	0.0	0.0
kalisa	0.0	4	100.0	0.0	0.0	0.0
katian	0.0	1	100.0	0.0	0.0	0.0
kinkajusrevenge	0.0	2	50.0	0.0	50.0	0.0
kodomazer	0.0	3	33.33	0.0	66.67	0.0
kopen	0.0	10	50.0	0.0	50.0	0.0
ksfortson	0.0	2	50.0	0.0	50.0	0.0
LaFayetteX	0.0	5	100.0	0.0	0.0	0.0
lolthisnotderk	0.0	1	100.0	0.0	0.0	0.0
maddogmarv	0.0	1	100.0	0.0	0.0	0.0
Maiorskills	0.0	10	0.0	0.0	100.0	0.0
marvolo2	0.0	1	100.0	0.0	0.0	0.0
MasN	0.0	1	0.0	0.0	100.0	0.0
nkkarpov	0.0	4	75.0	0.0	25.0	0.0
NoMercy	0.0	1	100.0	0.0	0.0	0.0
nwajfromoz	0.0	1	100.0	0.0	0.0	0.0
Othnia	0.0	1	100.0	0.0	0.0	0.0
Pimak	0.0	1	100.0	0.0	0.0	0.0
possum	0.0	2	0.0	0.0	100.0	0.0
prangle	0.0	1	100.0	0.0	0.0	0.0
Puzzle	0.0	1	100.0	0.0	0.0	0.0
qbphoenix	0.0	5	80.0	0.0	20.0	0.0
qpenguin	0.0	1	100.0	0.0	0.0	0.0
rahsosprout	0.0	2	0.0	0.0	100.0	0.0
Razvogor	0.0	3	66.67	0.0	33.33	0.0
robense	0.0	11	90.91	0.0	9.09	0.0
Rubix	0.0	2	100.0	0.0	0.0	0.0
scacc8	0.0	1	0.0	100.0	0.0	0.0
Smandon	0.0	2	100.0	0.0	0.0	0.0
squidgetx	0.0	1	100.0	0.0	0.0	0.0
squirrel1988	0.0	2	50.0	0.0	50.0	0.0
superbipbip	0.0	5	100.0	0.0	0.0	0.0
Syrah	0.0	1	100.0	0.0	0.0	0.0
telsey	0.0	1	0.0	0.0	100.0	0.0
Tiramisu1th	0.0	1	100.0	0.0	0.0	0.0
Veexliat	0.0	4	100.0	0.0	0.0	0.0
vEnhance	0.0	6	0.0	0.0	100.0	0.0
wump	0.0	3	100.0	0.0	0.0	0.0
