Player name	W/L(%)	Total games	Easy	Null	Single dark	Double dark
rz	43.18	63	77.78	0.0	22.22	0.0
Smandon	38.89	25	48.0	0.0	52.0	0.0
frosty104	37.04	37	62.16	0.0	37.84	0.0
wump	34.48	39	51.28	0.0	48.72	0.0
Bonja97	34.38	43	60.47	6.98	32.56	0.0
hakha3	33.33	56	35.71	12.5	51.79	0.0
postmans	32.56	57	82.46	0.0	15.79	1.75
kevincaseytdk1	31.03	38	63.16	0.0	36.84	0.0
piper	30.95	55	38.18	1.82	60.0	0.0
Shos	30.56	47	85.11	0.0	14.89	0.0
DoubleDown11	28.57	72	83.33	0.0	16.67	0.0
ADrone	27.69	83	49.4	9.64	40.96	0.0
Valetta6789	27.44	339	58.7	4.72	34.51	2.06
hanabornoob	27.27	28	75.0	3.57	21.43	0.0
NoMercy	27.03	47	51.06	6.38	40.43	2.13
aladdin3	26.92	33	90.91	0.0	9.09	0.0
doctorabi	26.92	66	45.45	6.06	43.94	4.55
Pablo-	26.67	114	69.3	1.75	28.95	0.0
anser	26.32	24	58.33	0.0	41.67	0.0
kodomazer	26.32	48	72.92	4.17	22.92	0.0
ejwu	25.93	34	52.94	0.0	47.06	0.0
Ptheven	24.24	41	80.49	9.76	9.76	0.0
Sucubis	24.0	186	70.97	0.0	28.49	0.54
micerang	23.9	591	66.84	3.05	29.1	1.02
Fey	23.53	84	72.62	0.0	27.38	0.0
sjdrodge	23.53	42	59.52	7.14	33.33	0.0
timotree	23.02	171	51.46	5.85	42.11	0.58
invarse	22.67	92	76.09	2.17	21.74	0.0
Libster	22.61	141	67.38	1.42	30.5	0.71
asaelr	22.19	446	62.78	2.69	33.63	0.9
MasN	22.03	72	77.78	0.0	22.22	0.0
IAMJEFF	21.35	341	64.81	10.56	24.63	0.0
plus	20.91	266	66.54	3.01	26.69	3.76
derekcheah	20.9	81	59.26	0.0	38.27	2.47
Lilliana	20.83	29	68.97	10.34	20.69	0.0
Maiorskills	20.83	29	79.31	0.0	20.69	0.0
jack67889	20.69	70	61.43	1.43	34.29	2.86
Romain672	19.85	157	79.62	0.64	19.75	0.0
Lanvin	19.74	91	63.74	2.2	34.07	0.0
Floriman	19.71	656	56.25	2.9	36.89	3.96
Fireheart	19.35	771	56.03	9.21	31.65	3.11
sephiroth	19.3	204	56.37	2.94	37.25	3.43
swineherd	19.1	106	76.42	1.89	21.7	0.0
avanderwalde	18.92	88	27.27	12.5	60.23	0.0
Jake_Stiles	18.78	253	67.19	7.51	25.3	0.0
kimbifille	18.61	325	52.92	6.15	33.85	7.08
Carunty	18.52	32	71.88	0.0	28.12	0.0
Zakisan	18.52	64	43.75	4.69	50.0	1.56
MarkusKahlsen	18.07	98	48.98	3.06	47.96	0.0
duckless	17.65	20	80.0	5.0	15.0	0.0
Nitrate	17.33	88	71.59	1.14	27.27	0.0
Hoodie	17.27	516	57.36	1.94	40.5	0.19
TimeHoodie	17.2	511	57.14	1.96	40.7	0.2
scharkbite	17.06	796	60.55	4.02	33.67	1.76
Pimak	16.67	21	61.9	0.0	38.1	0.0
Dr_Kakashi	16.6	583	66.04	6.86	22.3	4.8
padi	16.55	169	58.58	7.69	32.54	1.18
TheDaniMan	16.3	157	53.5	1.91	43.95	0.64
kooolant	16.13	72	69.44	5.56	25.0	0.0
ChristopheAF	16.05	94	78.72	0.0	21.28	0.0
Livia	15.87	292	63.01	4.45	32.53	0.0
Lel0uch	15.84	117	53.85	0.0	43.59	2.56
wortel	15.62	37	54.05	5.41	40.54	0.0
jeff10	15.19	91	51.65	13.19	35.16	0.0
melwen	15.15	418	54.07	5.74	38.52	1.67
Ahming	15.0	23	73.91	4.35	21.74	0.0
ricardodd	15.0	23	73.91	4.35	21.74	0.0
kopen	14.63	141	65.96	0.0	34.04	0.0
robense	14.63	47	48.94	0.0	51.06	0.0
Div	14.29	24	100.0	0.0	0.0	0.0
awe	14.04	65	69.23	1.54	29.23	0.0
DMoney	13.64	400	46.25	0.5	49.75	3.5
indego	13.64	100	52.0	5.0	43.0	0.0
XMIL	13.64	50	70.0	0.0	30.0	0.0
Nitrate2	13.21	60	68.33	1.67	30.0	0.0
honzas	13.1	95	54.74	1.05	44.21	0.0
dobi	12.86	79	46.84	2.53	50.63	0.0
Zamiel	12.86	816	45.59	13.24	40.07	1.1
joelwool	12.5	27	81.48	3.7	14.81	0.0
Wittvector	12.5	81	54.32	0.0	37.04	8.64
RaKXeR	12.07	65	72.31	0.0	24.62	3.08
sin_faith	11.63	192	65.62	1.56	31.25	1.56
qbphoenix	11.43	39	56.41	0.0	43.59	0.0
Feer	11.11	20	55.0	0.0	45.0	0.0
rachyrules	11.11	20	40.0	0.0	60.0	0.0
Onen	10.26	43	41.86	13.95	34.88	9.3
Pepepe	10.0	22	63.64	0.0	36.36	0.0
pianoblook	9.86	234	47.86	0.43	44.87	6.84
MangoPie	9.62	57	73.68	17.54	8.77	0.0
letical	9.52	23	47.83	0.0	52.17	0.0
Razvogor	8.51	102	64.71	0.0	35.29	0.0
will.i.am	8.24	197	43.65	5.08	49.24	2.03
rkass	8.0	27	7.41	0.0	92.59	0.0
newduke	7.91	150	54.0	0.0	46.0	0.0
lotem	7.84	110	76.36	7.27	14.55	1.82
duckmammal	6.82	94	76.6	3.19	20.21	0.0
florrat2	6.82	47	55.32	2.13	42.55	0.0
Yuga Suggah	6.52	49	73.47	0.0	26.53	0.0
cockdestroyer	5.0	21	47.62	0.0	52.38	0.0
kd	5.0	21	47.62	0.0	52.38	0.0
Cory	4.62	68	50.0	2.94	47.06	0.0
LaFayetteX	4.17	25	68.0	8.0	24.0	0.0
HelanaAshryvr	3.7	28	50.0	0.0	50.0	0.0
