Player name	W/L(%)	Total games	Easy	Null	Single dark	Double dark
invarse	81.82	20	95.0	0.0	5.0	0.0
rkass	45.65	67	59.7	0.0	40.3	0.0
Fey	39.73	102	69.61	0.0	30.39	0.0
Smandon	37.5	44	68.18	0.0	31.82	0.0
MarkusKahlsen	33.56	199	48.74	16.58	34.67	0.0
postmans	31.03	38	65.79	10.53	23.68	0.0
IAMJEFF	29.41	22	81.82	0.0	18.18	0.0
micerang	27.91	55	78.18	1.82	20.0	0.0
avanderwalde	27.45	195	52.82	8.72	38.46	0.0
kevincaseytdk1	26.83	52	38.46	1.92	59.62	0.0
Pablo-	26.67	190	77.37	0.0	22.63	0.0
doctorabi	25.86	73	49.32	0.0	50.68	0.0
hakha3	25.86	73	39.73	5.48	54.79	0.0
ChristopheAF	25.25	124	84.68	0.0	15.32	0.0
qqqq	25.0	20	40.0	0.0	60.0	0.0
asaelr	24.79	146	53.42	0.0	45.89	0.68
Ntalakas	24.39	1479	52.74	0.41	41.31	5.54
Floriman	24.29	87	44.83	6.9	45.98	2.3
Takis	24.25	1235	54.01	0.49	38.87	6.64
rachyrules	24.14	36	61.11	0.0	38.89	0.0
padi	24.0	93	79.57	2.15	18.28	0.0
ntinta	23.95	1263	51.7	0.48	41.33	6.49
frosty104	23.94	88	52.27	0.0	46.59	1.14
Nitrate	23.68	444	72.52	1.35	25.9	0.23
Nitrate2	23.55	425	73.41	1.41	24.94	0.24
robense	23.08	80	65.0	2.5	32.5	0.0
soulampoula	22.14	160	66.88	0.0	33.12	0.0
Anax	21.77	358	64.8	0.0	35.2	0.0
bjnh	20.83	58	34.48	0.0	65.52	0.0
Puzzle	20.51	47	82.98	0.0	17.02	0.0
Lel0uch	20.06	814	41.77	4.79	53.19	0.25
dobi	19.63	128	33.59	1.56	63.28	1.56
Onen	19.44	43	55.81	0.0	44.19	0.0
Hoodie	19.39	745	59.6	3.09	37.32	0.0
joelwool	19.26	161	81.99	0.0	18.01	0.0
TimeHoodie	19.26	737	59.7	2.58	37.72	0.0
ricardodd	19.05	25	64.0	0.0	36.0	0.0
TheDaniMan	18.75	323	67.49	2.79	29.1	0.62
geor1983	18.73	317	61.51	0.0	38.49	0.0
Sucubis	18.64	70	60.0	0.0	40.0	0.0
lotem	18.37	58	93.1	5.17	1.72	0.0
swineherd	18.26	259	68.34	6.56	25.1	0.0
ADrone	18.18	39	56.41	0.0	43.59	0.0
Fedorov	18.04	661	68.84	0.0	31.16	0.0
Dadinio	17.86	33	63.64	0.0	36.36	0.0
StKildaFan	17.86	33	66.67	0.0	33.33	0.0
Bonja97	17.81	172	61.63	1.16	37.21	0.0
Carunty	17.78	53	58.49	0.0	41.51	0.0
nkkarpov	17.65	20	55.0	0.0	45.0	0.0
DMoney	17.59	234	54.7	2.56	42.74	0.0
piper	17.46	74	59.46	0.0	40.54	0.0
derekcheah	17.03	371	54.99	3.23	41.24	0.54
sephiroth	16.92	615	73.82	3.25	22.76	0.16
MangoPie	16.67	133	54.89	3.01	42.11	0.0
Kyle	16.58	429	54.55	5.59	38.93	0.93
jeff10	16.53	141	63.12	0.71	36.17	0.0
scharkbite	16.42	936	66.35	1.71	31.73	0.21
pianoblook	16.2	251	63.35	4.38	31.47	0.8
eliclax	16.13	36	47.22	0.0	50.0	2.78
plus	16.08	231	72.29	3.9	23.81	0.0
antitelharsic	16.0	29	72.41	0.0	27.59	0.0
HelanaAshryvr	15.69	236	45.34	2.54	51.69	0.42
rz	15.69	118	54.24	5.08	40.68	0.0
Zakisan	15.46	112	67.86	0.89	31.25	0.0
kimbifille	15.44	157	51.59	8.28	40.13	0.0
katian	15.38	30	60.0	0.0	40.0	0.0
jack67889	15.22	106	66.98	0.0	30.19	2.83
sin_faith	15.05	107	62.62	5.61	31.78	0.0
Animex52	15.0	46	58.7	6.52	34.78	0.0
Wittvector	15.0	138	50.72	0.0	49.28	0.0
Zamiel	14.0	228	60.96	10.96	28.07	0.0
3nvy	13.21	120	92.5	0.0	7.5	0.0
Fireheart	12.82	44	86.36	6.82	6.82	0.0
Lanvin	12.61	518	49.81	2.12	47.3	0.77
4head	12.12	37	70.27	0.0	29.73	0.0
orucsoraihc	11.9	47	46.81	0.0	53.19	0.0
Dr_Kakashi	11.39	88	69.32	2.27	26.14	2.27
squirrel1988	11.17	199	39.7	0.0	60.3	0.0
colton	11.11	30	53.33	0.0	46.67	0.0
VerySloppyTwo	11.11	80	57.5	0.0	42.5	0.0
indego	10.92	325	40.31	2.77	56.62	0.31
qbphoenix	10.39	85	57.65	4.71	37.65	0.0
timotree	10.1	218	63.3	6.42	29.82	0.46
will.i.am	9.81	459	67.76	5.66	25.71	0.87
honzas	9.68	34	41.18	8.82	50.0	0.0
cockdestroyer	9.62	57	49.12	1.75	49.12	0.0
XMIL	9.17	119	56.3	5.04	38.66	0.0
emilyzhao	9.09	24	50.0	0.0	50.0	0.0
Div	8.82	37	62.16	0.0	37.84	0.0
Bot-Fiora	8.7	25	72.0	0.0	28.0	0.0
newduke	8.61	290	64.83	3.45	31.72	0.0
IsabeltheCat	8.11	40	67.5	0.0	32.5	0.0
kooolant	7.69	56	62.5	5.36	32.14	0.0
wump	7.69	28	17.86	3.57	78.57	0.0
Tiramisu1th	7.14	30	56.67	0.0	43.33	0.0
kopen	6.9	62	19.35	0.0	80.65	0.0
catula	5.88	36	69.44	0.0	30.56	0.0
Lilliana	5.71	37	78.38	0.0	21.62	0.0
Pimak	5.0	21	80.95	0.0	19.05	0.0
kalisa	4.17	25	80.0	0.0	20.0	0.0
Ahming	0.0	23	69.57	0.0	30.43	0.0
vEnhance	0.0	33	54.55	0.0	45.45	0.0
