Player name	W/L(%)	Total games	Easy	Null	Single dark	Double dark
Feer	62.5	52	76.92	5.77	17.31	0.0
smallman	53.85	20	100.0	0.0	0.0	0.0
Zakisan	53.33	23	60.87	0.0	39.13	0.0
indego	42.86	20	65.0	0.0	35.0	0.0
hanabornoob	42.31	37	67.57	0.0	32.43	0.0
DoubleDown11	41.46	58	75.86	0.0	24.14	0.0
Darth_Calculus	40.0	21	80.95	0.0	19.05	0.0
Maiorskills	37.21	59	77.97	0.0	22.03	0.0
Hunter	33.98	138	77.54	0.0	22.46	0.0
SedNegi	33.33	36	72.22	0.0	27.78	0.0
MarkusKahlsen	31.11	59	62.71	0.0	37.29	0.0
asaelr	30.75	540	60.56	3.52	35.93	0.0
qqqq	30.65	243	76.13	0.0	19.34	4.53
Smandon	30.0	39	76.92	0.0	23.08	0.0
wjomlex	29.73	48	91.67	0.0	8.33	0.0
910dan	28.92	107	44.86	0.0	12.15	42.99
Valetta6789	28.78	443	60.5	6.09	29.35	4.06
Wittvector	28.57	27	62.96	0.0	37.04	0.0
micerang	27.61	550	63.45	5.45	31.09	0.0
bradz	27.5	51	66.67	0.0	33.33	0.0
doome_burner	27.27	28	92.86	0.0	7.14	0.0
sjdrodge	27.19	290	84.14	0.0	14.48	1.38
rachyrules	26.79	71	98.59	0.0	1.41	0.0
Floriman	26.67	646	57.89	4.95	35.76	1.39
piper	25.4	79	48.1	0.0	50.63	1.27
Nitrate	25.22	144	73.61	0.0	26.39	0.0
IAMJEFF	25.11	593	64.92	5.56	28.67	0.84
Sucubis	25.0	120	66.67	3.33	30.0	0.0
Hyakinthus	24.66	91	52.75	0.0	30.77	16.48
Razgovor	24.22	159	91.82	0.0	7.55	0.63
Lel0uch	24.14	72	43.06	0.0	56.94	0.0
Ptheven	24.14	36	55.56	8.33	36.11	0.0
TheDaniMan	24.02	222	54.95	7.66	37.39	0.0
alercah	23.81	26	76.92	0.0	11.54	11.54
wortel	23.73	73	84.93	0.0	15.07	0.0
Asddsa76	23.64	272	72.06	0.0	22.06	5.88
Nitrate2	23.47	121	74.38	0.0	25.62	0.0
Cory	23.1	453	68.87	0.88	20.75	9.49
Ahming	23.08	64	68.75	0.0	31.25	0.0
MasN	23.08	64	75.0	1.56	23.44	0.0
padi	22.61	141	80.14	0.0	19.86	0.0
RaKXeR	22.61	244	64.75	0.0	29.1	6.15
invarse	22.41	71	69.01	0.0	30.99	0.0
Jake_Stiles	22.38	257	66.54	6.23	27.24	0.0
ADrone	22.22	55	80.0	0.0	20.0	0.0
avanderwalde	22.22	55	52.73	0.0	47.27	0.0
Pablo-	22.06	83	72.29	0.0	27.71	0.0
plus	21.98	283	74.2	0.35	25.44	0.0
NoMercy	21.72	297	60.61	1.35	23.57	14.48
efaust	21.43	51	84.31	0.0	15.69	0.0
Swifter	21.13	86	56.98	0.0	32.56	10.47
frosty104	21.05	23	60.87	0.0	39.13	0.0
Yeesh	20.93	52	69.23	0.0	26.92	3.85
grayfox	20.83	29	100.0	0.0	0.0	0.0
Andrew_UK	20.67	537	68.9	0.0	23.09	8.01
kopen	20.67	181	52.49	1.66	45.86	0.0
awe	20.0	48	66.67	2.08	31.25	0.0
Instantiation	20.0	132	68.18	0.0	6.06	25.76
Livia	19.14	361	55.12	10.8	31.3	2.77
Fireheart	19.06	731	49.66	6.29	43.5	0.55
rat	18.56	396	51.01	0.76	36.11	12.12
joelwool	18.45	122	78.69	0.0	21.31	0.0
darkenblade986	18.18	39	100.0	0.0	0.0	0.0
jeep	18.13	228	65.35	0.0	16.67	17.98
NotRaKXeR	17.95	46	50.0	0.0	50.0	0.0
Dr_Kakashi	17.85	614	51.79	6.84	36.64	4.72
Kyle	17.8	933	62.81	3.43	32.26	1.5
Kakashi	17.75	650	54.31	6.46	34.77	4.46
rkass	17.65	20	60.0	0.0	40.0	0.0
TimeHoodie	17.65	280	53.21	3.93	42.86	0.0
Mike	17.39	54	92.59	0.0	7.41	0.0
DMoney	17.14	451	52.11	2.88	42.79	2.22
kooolant	16.98	124	60.48	6.45	32.26	0.81
jeff10	16.67	49	71.43	6.12	22.45	0.0
kodomazer	16.67	28	67.86	0.0	32.14	0.0
honzas	16.44	85	68.24	0.0	31.76	0.0
melwen	16.42	936	66.35	1.71	31.73	0.21
Romain672	16.22	129	60.47	0.0	39.53	0.0
Shos	16.22	43	76.74	0.0	23.26	0.0
sephiroth	16.03	152	65.79	1.97	32.24	0.0
pianoblook	15.85	212	51.89	1.42	45.75	0.94
Zamiel	15.11	1402	60.49	4.14	24.96	10.41
sin_faith	15.0	115	73.91	6.96	16.52	2.61
timotree	15.0	161	67.7	2.48	29.81	0.0
derekcheah	14.84	178	67.98	0.56	31.46	0.0
Andrey Khesin	14.59	212	84.43	0.0	10.38	5.19
florrat2	14.29	248	37.1	1.21	42.34	19.35
duckmammal	14.0	57	77.19	0.0	22.81	0.0
postmans	13.98	106	73.58	2.83	22.64	0.94
kimbifille	13.66	183	50.27	4.37	37.7	7.65
Lanvin	13.64	50	58.0	4.0	34.0	4.0
Yuga Suggah	13.51	42	64.29	0.0	35.71	0.0
alphabeta	13.16	43	76.74	2.33	20.93	0.0
Libster	12.39	381	54.86	0.26	27.82	17.06
kondain	12.12	37	81.08	0.0	18.92	0.0
StKildaFan	12.12	37	24.32	0.0	18.92	56.76
sankala	12.05	93	33.33	0.0	50.54	16.13
swineherd	12.05	93	63.44	1.08	35.48	0.0
newduke	11.71	124	54.03	2.42	43.55	0.0
lotem	10.98	91	83.52	6.59	9.89	0.0
cak199164	10.0	33	93.94	0.0	6.06	0.0
doctorabi	10.0	22	27.27	0.0	72.73	0.0
DrJones	10.0	22	86.36	0.0	13.64	0.0
will.i.am	9.82	425	52.24	4.71	42.82	0.24
XMIL	9.43	58	62.07	0.0	37.93	0.0
Lilliana	9.38	35	62.86	11.43	25.71	0.0
rz	9.38	35	62.86	0.0	37.14	0.0
Bonja97	9.33	82	60.98	0.0	39.02	0.0
Razvogor	8.97	85	70.59	4.71	24.71	0.0
SeldeGuГ©rande	8.33	26	23.08	0.0	0.0	76.92
qbphoenix	7.14	45	51.11	0.0	48.89	0.0
vEnhance	5.26	20	55.0	0.0	45.0	0.0
sankala fan	4.55	23	17.39	0.0	82.61	0.0
garbo late game	2.94	35	17.14	0.0	0.0	82.86
