Player name	W/L(%)	Total games	Easy	Null	Single dark	Double dark
frollo9386	200.0	3	100.0	0.0	0.0	0.0
kiwi628	200.0	3	100.0	0.0	0.0	0.0
savoryoatmeal	200.0	3	66.67	0.0	33.33	0.0
zeinab001	200.0	3	100.0	0.0	0.0	0.0
eljavi	166.67	8	62.5	0.0	37.5	0.0
Shos	166.67	8	100.0	0.0	0.0	0.0
rake	150.0	5	100.0	0.0	0.0	0.0
Aluap	100.0	2	100.0	0.0	0.0	0.0
baads	100.0	2	100.0	0.0	0.0	0.0
BarneyRubble	100.0	2	100.0	0.0	0.0	0.0
bingchin	100.0	2	100.0	0.0	0.0	0.0
Daryl	100.0	6	100.0	0.0	0.0	0.0
diael	100.0	2	100.0	0.0	0.0	0.0
FerKeth	100.0	2	100.0	0.0	0.0	0.0
fishcat	100.0	2	100.0	0.0	0.0	0.0
J4rd1n	100.0	2	100.0	0.0	0.0	0.0
Jtjg	100.0	2	100.0	0.0	0.0	0.0
level_0	100.0	2	0.0	50.0	0.0	50.0
mycarpe	100.0	2	100.0	0.0	0.0	0.0
red_hedgehog	100.0	2	100.0	0.0	0.0	0.0
skyblueexo	100.0	2	50.0	0.0	50.0	0.0
socerman	100.0	2	50.0	0.0	50.0	0.0
squirtle	100.0	2	50.0	0.0	50.0	0.0
tacobot5000	100.0	2	50.0	0.0	50.0	0.0
telsey	100.0	2	0.0	0.0	100.0	0.0
ThorsKraken	100.0	4	100.0	0.0	0.0	0.0
Pepepe	73.68	33	75.76	0.0	24.24	0.0
aquarelle	66.67	5	40.0	0.0	60.0	0.0
BraydonM	66.67	5	40.0	0.0	60.0	0.0
charmander	66.67	5	100.0	0.0	0.0	0.0
Denchulitas	60.0	16	93.75	0.0	6.25	0.0
ejwu	60.0	16	12.5	50.0	37.5	0.0
RaKXeR	60.0	8	75.0	0.0	25.0	0.0
sjdrodge	60.0	8	87.5	0.0	12.5	0.0
honobu	57.14	11	100.0	0.0	0.0	0.0
CaitlinSmith	50.0	3	66.67	0.0	33.33	0.0
eevee	50.0	3	100.0	0.0	0.0	0.0
Jake_Stiles	50.0	9	88.89	0.0	11.11	0.0
memories	50.0	3	0.0	0.0	100.0	0.0
moeski	50.0	3	100.0	0.0	0.0	0.0
nitawa	50.0	15	93.33	0.0	6.67	0.0
NoAnni	50.0	9	100.0	0.0	0.0	0.0
Pimak	50.0	9	66.67	0.0	33.33	0.0
seal101k	50.0	3	100.0	0.0	0.0	0.0
superbipbip	50.0	6	83.33	0.0	16.67	0.0
torp	50.0	6	50.0	0.0	50.0	0.0
Valetta6789	47.06	25	64.0	4.0	28.0	4.0
MarcLovesDogs	46.67	22	81.82	0.0	18.18	0.0
piper	45.28	77	63.64	0.0	36.36	0.0
Fireheart	43.75	23	73.91	0.0	26.09	0.0
rkass	43.08	93	61.29	3.23	35.48	0.0
Cory	42.86	10	30.0	0.0	70.0	0.0
DoubleDown11	42.86	10	90.0	0.0	10.0	0.0
aladdin3	42.31	37	100.0	0.0	0.0	0.0
eliclax	40.0	14	71.43	0.0	28.57	0.0
Hapotata	40.0	7	85.71	0.0	14.29	0.0
kodomazer	38.89	25	72.0	0.0	28.0	0.0
JerryYang	37.5	66	48.48	0.0	51.52	0.0
Livia	37.5	11	63.64	0.0	36.36	0.0
squirrel1988	37.5	11	36.36	0.0	63.64	0.0
antitelharsic	36.36	15	46.67	13.33	40.0	0.0
kopen	36.36	15	53.33	0.0	46.67	0.0
3nvy	33.33	4	100.0	0.0	0.0	0.0
dmigor3	33.33	4	100.0	0.0	0.0	0.0
hailey	33.33	4	50.0	0.0	50.0	0.0
Libster	33.33	12	83.33	0.0	16.67	0.0
MarekU	33.33	8	100.0	0.0	0.0	0.0
Razvogor	33.33	4	100.0	0.0	0.0	0.0
SashaIr	33.33	4	100.0	0.0	0.0	0.0
sheamol	33.33	4	50.0	0.0	50.0	0.0
Spip_B	33.33	4	75.0	0.0	25.0	0.0
macanek	32.26	41	51.22	0.0	43.9	4.88
frosty104	32.23	160	65.62	0.62	32.5	1.25
MarkusKahlsen	31.9	153	54.9	1.31	41.83	1.96
Pablo-	30.91	144	61.11	0.69	34.72	3.47
wortel	30.77	17	52.94	0.0	47.06	0.0
Feich59	30.43	30	90.0	0.0	10.0	0.0
ADrone	30.3	43	62.79	0.0	37.21	0.0
Floriman	29.57	241	57.26	3.32	39.0	0.41
avanderwalde	29.38	207	48.31	3.38	48.31	0.0
Fey	29.0	258	70.54	0.39	28.68	0.39
Sucubis	28.95	147	70.75	0.0	25.85	3.4
derekcheah	28.89	174	59.77	1.15	39.08	0.0
Veexliat	28.57	18	66.67	0.0	33.33	0.0
Carunty	28.0	64	78.12	0.0	21.88	0.0
Bonja97	27.78	46	69.57	10.87	19.57	0.0
letical	27.78	23	73.91	0.0	26.09	0.0
robense	27.59	111	73.87	2.7	23.42	0.0
Car	27.45	65	78.46	0.0	21.54	0.0
asaelr	27.41	172	58.14	0.0	38.95	2.91
swineherd	27.0	127	70.08	0.0	29.92	0.0
catula	26.67	38	89.47	0.0	10.53	0.0
hakha3	26.51	105	67.62	0.95	30.48	0.95
Nitrate2	26.32	144	68.75	0.69	30.56	0.0
katian	26.09	29	68.97	0.0	31.03	0.0
plus	25.19	169	66.86	1.18	31.95	0.0
bjnh	25.0	25	76.0	0.0	24.0	0.0
capncook	25.0	5	100.0	0.0	0.0	0.0
CompleteTrust	25.0	5	100.0	0.0	0.0	0.0
hanabornoob	25.0	5	100.0	0.0	0.0	0.0
rachyrules	25.0	90	56.67	2.22	40.0	1.11
sean1815	25.0	10	100.0	0.0	0.0	0.0
StKildaFan	25.0	95	50.53	0.0	47.37	2.11
Nitrate	24.82	171	71.93	0.58	27.49	0.0
Zamiel	24.72	111	72.97	0.0	24.32	2.7
cockdestroyer	24.24	41	65.85	0.0	34.15	0.0
doctorabi	24.21	118	53.39	0.0	46.61	0.0
jeff10	23.81	130	60.0	6.15	33.08	0.77
dobi	23.53	105	49.52	0.95	48.57	0.95
timotree	23.53	126	65.87	2.38	30.16	1.59
Nils	23.08	32	68.75	0.0	31.25	0.0
kevincaseytdk1	22.86	43	51.16	6.98	41.86	0.0
DMoney	22.37	93	16.13	0.0	83.87	0.0
DrJones	22.22	11	81.82	0.0	18.18	0.0
jack67889	21.64	163	57.06	0.0	40.49	2.45
Zakisan	21.28	114	72.81	2.63	24.56	0.0
rz	21.25	97	57.73	1.03	41.24	0.0
pianoblook	21.15	126	50.0	1.59	48.41	0.0
Div	20.83	58	77.59	3.45	18.97	0.0
TheDaniMan	20.74	326	52.76	1.84	45.4	0.0
Lel0uch	20.48	353	58.07	2.27	36.83	2.83
Wittvector	20.11	209	60.29	2.87	36.84	0.0
bulbasaur	20.0	6	66.67	33.33	0.0	0.0
HelanaAshryvr	20.0	42	45.24	4.76	50.0	0.0
Lanvin	20.0	258	65.12	5.81	28.29	0.78
qqqq	20.0	18	55.56	5.56	11.11	27.78
Rubix	20.0	6	100.0	0.0	0.0	0.0
sephiroth	19.92	283	62.54	1.06	35.69	0.71
sin_faith	19.48	368	66.58	2.72	25.27	5.43
ricardodd	19.44	43	51.16	0.0	48.84	0.0
melwen	19.26	737	59.7	2.58	37.72	0.0
Spieler42	19.05	25	92.0	0.0	8.0	0.0
vEnhance	19.05	25	60.0	0.0	40.0	0.0
padi	18.87	63	68.25	0.0	28.57	3.17
Kyle	18.79	569	59.23	1.76	38.84	0.18
arnino	18.52	32	75.0	0.0	25.0	0.0
Lilliana	18.37	58	68.97	1.72	27.59	1.72
griff77	18.18	13	92.31	0.0	7.69	0.0
JDepp	18.18	13	92.31	0.0	7.69	0.0
kimbifille	17.88	501	48.7	2.79	42.51	5.99
Bot-Fiora	17.65	20	90.0	0.0	10.0	0.0
scharkbite	17.65	280	53.21	3.93	42.86	0.0
ebin_noob	17.54	67	67.16	5.97	26.87	0.0
Animex52	17.5	47	63.83	2.13	31.91	2.13
kalisa	17.24	34	79.41	0.0	20.59	0.0
honzas	17.02	55	61.82	3.64	25.45	9.09
ChristopheAF	16.96	131	77.86	0.76	20.61	0.76
angel-a	16.67	14	71.43	0.0	28.57	0.0
chriswck	16.67	14	92.86	0.0	7.14	0.0
joaep2	16.67	7	100.0	0.0	0.0	0.0
MangoPie	16.67	77	53.25	3.9	41.56	1.3
MasN	16.67	14	78.57	0.0	21.43	0.0
micerang	16.67	56	58.93	3.57	35.71	1.79
nkkarpov	16.67	7	57.14	0.0	42.86	0.0
Yuga Suggah	16.67	7	100.0	0.0	0.0	0.0
Dr_Kakashi	16.52	268	47.76	7.09	36.19	8.96
Onen	16.22	43	48.84	0.0	46.51	4.65
CastlesInTheAir	16.0	29	65.52	17.24	17.24	0.0
IsabeltheCat	14.81	31	77.42	6.45	12.9	3.23
IAMJEFF	14.63	47	44.68	0.0	53.19	2.13
emilyzhao	14.29	32	75.0	0.0	25.0	0.0
indego	14.29	256	55.47	4.3	39.84	0.39
nwajfromoz	14.29	8	100.0	0.0	0.0	0.0
possum	14.29	8	62.5	0.0	37.5	0.0
sin_nofaith	14.29	8	62.5	0.0	37.5	0.0
tyrcho	14.29	16	68.75	0.0	31.25	0.0
will.i.am	14.29	160	57.5	0.0	42.5	0.0
willwin4sure	14.29	8	62.5	0.0	37.5	0.0
newduke	14.04	195	71.28	5.13	23.59	0.0
duckington	13.64	25	20.0	4.0	76.0	0.0
squidgetx	13.64	25	60.0	8.0	32.0	0.0
kooolant	13.57	226	66.81	3.54	26.55	3.1
4head	13.33	17	41.18	0.0	58.82	0.0
Kernel	13.33	17	76.47	0.0	23.53	0.0
lotem	12.61	134	83.58	6.72	8.96	0.75
magikarp	12.5	9	100.0	0.0	0.0	0.0
maxnorris13	12.5	9	77.78	0.0	22.22	0.0
orucsoraihc	12.5	27	59.26	0.0	40.74	0.0
Puzzle	12.5	9	55.56	0.0	44.44	0.0
XMIL	12.16	83	68.67	2.41	25.3	3.61
postmans	11.54	58	81.03	0.0	18.97	0.0
Iullo	11.11	20	80.0	0.0	20.0	0.0
knaphill	11.11	10	70.0	0.0	30.0	0.0
metta	11.11	10	100.0	0.0	0.0	0.0
duckmammal	10.34	32	21.88	31.25	46.88	0.0
alphabeta	9.76	45	73.33	0.0	26.67	0.0
LaFayetteX	9.62	57	70.18	0.0	29.82	0.0
VerySloppyTwo	9.38	70	68.57	1.43	30.0	0.0
ksfortson	9.09	12	75.0	0.0	25.0	0.0
Batzi	8.82	37	81.08	0.0	18.92	0.0
mattnabi	7.14	15	26.67	0.0	73.33	0.0
Tiramisu1th	6.67	16	56.25	0.0	43.75	0.0
bob65536	6.25	17	82.35	0.0	17.65	0.0
Simsala91	6.25	34	91.18	0.0	8.82	0.0
irgendeinscheis	6.06	35	94.29	0.0	5.71	0.0
wump	6.06	35	74.29	0.0	25.71	0.0
colton	5.0	21	80.95	0.0	19.05	0.0
p3732	5.0	21	100.0	0.0	0.0	0.0
qbphoenix	3.85	27	40.74	0.0	59.26	0.0
012984	0.0	1	100.0	0.0	0.0	0.0
910dan	0.0	1	100.0	0.0	0.0	0.0
Ahming	0.0	1	100.0	0.0	0.0	0.0
alexnoe	0.0	2	100.0	0.0	0.0	0.0
Alicja	0.0	1	100.0	0.0	0.0	0.0
Alkaven5	0	2	100.0	0.0	0.0	0.0
andre_smaira	0.0	1	100.0	0.0	0.0	0.0
anser	0.0	1	0.0	0.0	100.0	0.0
artbrock	0.0	2	100.0	0.0	0.0	0.0
Artificial	0.0	1	0.0	0.0	100.0	0.0
ArualEIs	0.0	1	100.0	0.0	0.0	0.0
Asddsa76	0.0	5	100.0	0.0	0.0	0.0
BananaBum	0.0	1	0.0	0.0	100.0	0.0
banjoleb	0.0	1	100.0	0.0	0.0	0.0
beccaalaly	0.0	1	100.0	0.0	0.0	0.0
BlueNovember	0.0	1	100.0	0.0	0.0	0.0
boba	0.0	13	84.62	0.0	15.38	0.0
brebna_	0.0	1	100.0	0.0	0.0	0.0
callistooooo	0.0	1	100.0	0.0	0.0	0.0
Chicken	0	2	100.0	0.0	0.0	0.0
claudiob	0.0	15	86.67	0.0	13.33	0.0
CluenoMars	0.0	1	100.0	0.0	0.0	0.0
corys	0.0	5	40.0	0.0	60.0	0.0
cxq1hm4lk	0.0	1	100.0	0.0	0.0	0.0
DanDit	0.0	4	100.0	0.0	0.0	0.0
DangSpaniard	0.0	3	100.0	0.0	0.0	0.0
Darth_Calculus	0.0	6	50.0	0.0	50.0	0.0
Doge	0.0	3	100.0	0.0	0.0	0.0
Donna	0	1	100.0	0.0	0.0	0.0
dontmacme	0.0	12	91.67	0.0	8.33	0.0
drew.levitt	0.0	1	100.0	0.0	0.0	0.0
duckless	0.0	13	100.0	0.0	0.0	0.0
Elatekur	0	1	100.0	0.0	0.0	0.0
eljobe	0.0	2	0.0	0.0	100.0	0.0
esakach	0.0	1	100.0	0.0	0.0	0.0
ezahid1662	0.0	2	0.0	0.0	100.0	0.0
fabse	0.0	2	100.0	0.0	0.0	0.0
Feer	0.0	5	100.0	0.0	0.0	0.0
florrat2	0.0	1	0.0	0.0	100.0	0.0
fow	0.0	4	100.0	0.0	0.0	0.0
GemmyBean	0.0	2	0.0	0.0	100.0	0.0
Glherme	0.0	1	100.0	0.0	0.0	0.0
GunPetal	0.0	2	100.0	0.0	0.0	0.0
hanajo	0.0	1	100.0	0.0	0.0	0.0
hughjanus	0.0	5	0.0	0.0	100.0	0.0
HumbleDumble	0.0	1	100.0	0.0	0.0	0.0
ibonrec	0.0	1	100.0	0.0	0.0	0.0
imel	0.0	4	100.0	0.0	0.0	0.0
indegoo	0.0	1	0.0	0.0	0.0	100.0
Instantiation	0.0	1	100.0	0.0	0.0	0.0
itsstove	0.0	1	100.0	0.0	0.0	0.0
JackFrost	0.0	4	100.0	0.0	0.0	0.0
jaycanplay	0.0	1	0.0	0.0	100.0	0.0
jcaliz	0.0	1	100.0	0.0	0.0	0.0
jshak	0.0	1	100.0	0.0	0.0	0.0
kiele	0.0	1	100.0	0.0	0.0	0.0
kinkajusrevenge	0.0	4	0.0	0.0	100.0	0.0
lailie.ahava	0	2	100.0	0.0	0.0	0.0
LamboXD	0.0	1	100.0	0.0	0.0	0.0
lauraa	0.0	1	100.0	0.0	0.0	0.0
logiciain	0.0	6	100.0	0.0	0.0	0.0
louietyj	0.0	4	50.0	0.0	50.0	0.0
lrovner	0	1	100.0	0.0	0.0	0.0
mango123	0.0	17	58.82	0.0	41.18	0.0
Mattwei	0.0	3	100.0	0.0	0.0	0.0
Maverick	0.0	1	100.0	0.0	0.0	0.0
mayple	0.0	2	100.0	0.0	0.0	0.0
Meike	0.0	6	100.0	0.0	0.0	0.0
methmatics	0.0	5	40.0	0.0	60.0	0.0
mikefrenil	0.0	4	75.0	0.0	25.0	0.0
Minja100	0.0	1	100.0	0.0	0.0	0.0
MKQ	0	1	100.0	0.0	0.0	0.0
Mr_Tik_Ms_Tok	0.0	1	100.0	0.0	0.0	0.0
narabio	0	2	100.0	0.0	0.0	0.0
Nchin012	0.0	2	100.0	0.0	0.0	0.0
NeshaNYC	0.0	3	100.0	0.0	0.0	0.0
Nina	0.0	2	100.0	0.0	0.0	0.0
NoMercy	0.0	2	100.0	0.0	0.0	0.0
nosey	0.0	2	100.0	0.0	0.0	0.0
Othnia	0.0	5	100.0	0.0	0.0	0.0
peepeepoopooman	0.0	1	100.0	0.0	0.0	0.0
penisman	0.0	2	50.0	0.0	50.0	0.0
Plum	0.0	12	33.33	0.0	66.67	0.0
PMP	0.0	6	33.33	0.0	66.67	0.0
poofart123	0.0	1	100.0	0.0	0.0	0.0
rahsosprout	0.0	9	77.78	0.0	22.22	0.0
Ricca29	0.0	1	100.0	0.0	0.0	0.0
rotem	0.0	3	100.0	0.0	0.0	0.0
schildknaapje	0.0	4	100.0	0.0	0.0	0.0
sckuzzle	0.0	4	75.0	0.0	25.0	0.0
smallman	0.0	3	100.0	0.0	0.0	0.0
Smandon	0.0	1	100.0	0.0	0.0	0.0
Smiley532	0.0	1	100.0	0.0	0.0	0.0
Steve Backshall	0.0	1	100.0	0.0	0.0	0.0
str8away	0.0	1	100.0	0.0	0.0	0.0
Syrah	0.0	1	0.0	0.0	100.0	0.0
Takis	0.0	1	0.0	0.0	100.0	0.0
tenbens1010	0.0	1	100.0	0.0	0.0	0.0
testes	0.0	1	100.0	0.0	0.0	0.0
thejazzagent	0.0	1	100.0	0.0	0.0	0.0
trazoM	0.0	5	100.0	0.0	0.0	0.0
twoheadedbutt	0.0	2	100.0	0.0	0.0	0.0
vergoodhanabi	0.0	1	100.0	0.0	0.0	0.0
vjk	0.0	2	100.0	0.0	0.0	0.0
voss	0.0	3	66.67	0.0	33.33	0.0
woidlor	0.0	1	100.0	0.0	0.0	0.0
wolfpack	0.0	2	100.0	0.0	0.0	0.0
xor	0.0	3	0.0	0.0	100.0	0.0
YacineH	0.0	2	100.0	0.0	0.0	0.0
Yeesh	0.0	5	0.0	100.0	0.0	0.0
zombyw00f	0.0	3	0.0	0.0	100.0	0.0
