Player name	W/L(%)	Total games	Easy	Null	Single dark	Double dark
red_hedgehog	111.11	57	91.23	0.0	8.77	0.0
Nitrate	94.12	33	87.88	0.0	12.12	0.0
Nitrate2	61.54	21	100.0	0.0	0.0	0.0
DoubleDown11	56.25	25	96.0	0.0	4.0	0.0
Karashka	44.0	36	100.0	0.0	0.0	0.0
QueenVic	40.0	21	100.0	0.0	0.0	0.0
soxinfox	35.29	23	100.0	0.0	0.0	0.0
cubegoldberg	32.26	41	95.12	0.0	4.88	0.0
GamerSKTrashCan	32.14	37	89.19	0.0	10.81	0.0
MasN	31.25	21	71.43	0.0	28.57	0.0
nmego	27.45	65	75.38	0.0	24.62	0.0
Maiorskills	27.27	56	55.36	0.0	44.64	0.0
TheDaniMan	26.79	71	73.24	7.04	19.72	0.0
Naive_Riolu	26.09	29	93.1	0.0	6.9	0.0
Zy	26.09	29	100.0	0.0	0.0	0.0
Sucubis	25.0	140	64.29	0.0	35.71	0.0
TimeHoodie	24.72	111	72.97	0.0	24.32	2.7
invarse	24.49	122	68.03	0.0	31.97	0.0
Hoodie	24.44	112	73.21	0.0	24.11	2.68
Tiberyus	24.24	41	92.68	0.0	7.32	0.0
cak199164	23.91	57	94.74	0.0	3.51	1.75
wortel	23.88	83	72.29	0.0	27.71	0.0
Feer	23.81	26	61.54	0.0	38.46	0.0
kodomazer	23.08	32	53.12	0.0	46.88	0.0
potatochips	22.92	59	88.14	0.0	11.86	0.0
Bob Dole	22.64	65	81.54	0.0	16.92	1.54
dobi	22.22	22	54.55	4.55	40.91	0.0
efaust	21.92	89	87.64	0.0	12.36	0.0
Will	21.43	34	50.0	0.0	50.0	0.0
wjomlex	21.43	85	77.65	0.0	22.35	0.0
postmans	21.35	108	85.19	0.0	10.19	4.63
Swifter	20.65	222	71.17	0.0	17.12	11.71
qqqq	20.52	276	77.54	0.0	14.13	8.33
BlameItOnRaz:D	20.0	72	68.06	0.0	15.28	16.67
alercah	19.35	37	59.46	0.0	10.81	29.73
Asddsa76	19.29	235	86.38	0.0	10.64	2.98
Mike	19.27	229	83.84	0.0	12.23	3.93
BlameItOnRaz	18.57	83	71.08	0.0	14.46	14.46
grayfox	18.18	39	82.05	0.0	17.95	0.0
xdragun	18.18	39	79.49	0.0	20.51	0.0
bradz	18.0	118	62.71	0.0	26.27	11.02
micerang	17.91	935	58.82	9.73	30.16	1.28
Razgowut	17.65	40	42.5	0.0	2.5	55.0
kopen	17.62	247	62.75	8.5	28.74	0.0
Hunter	17.36	169	83.43	0.0	16.57	0.0
duckmammal	16.67	21	52.38	0.0	47.62	0.0
Instantiation	16.48	304	61.18	0.0	16.45	22.37
Andrew_UK	16.17	194	85.57	0.0	9.28	5.15
Floriman	16.11	245	64.49	2.04	33.06	0.41
jeep	15.98	196	53.57	0.0	18.37	28.06
Cory	15.73	1221	67.16	1.31	22.19	9.34
Valetta6789	15.72	265	47.17	9.43	42.64	0.75
honzas	15.62	37	43.24	0.0	56.76	0.0
rz	15.62	37	48.65	13.51	37.84	0.0
sjdrodge	15.54	394	70.05	3.81	20.81	5.33
scharkbite	15.11	1402	60.49	4.14	24.96	10.41
910dan	14.46	285	43.16	0.35	18.6	37.89
kevincaseytdk1	14.29	32	81.25	0.0	18.75	0.0
sephiroth	14.29	24	33.33	20.83	45.83	0.0
Kyle	14.12	913	48.85	11.83	38.34	0.99
melwen	14.0	228	60.96	10.96	28.07	0.0
asaelr	13.82	420	49.29	6.43	44.29	0.0
timotree	13.79	132	59.85	14.39	21.21	4.55
Andrey Khesin	13.78	388	88.14	0.0	11.6	0.26
plus	13.73	58	36.21	10.34	53.45	0.0
Livia	13.47	219	43.84	3.2	43.84	9.13
Lanvin	13.33	34	58.82	0.0	38.24	2.94
derekcheah	13.21	60	63.33	5.0	31.67	0.0
awe	12.9	70	44.29	1.43	54.29	0.0
Bonja97	12.77	53	73.58	3.77	22.64	0.0
piper	12.5	45	55.56	0.0	33.33	11.11
Jake_Stiles	12.33	492	51.83	7.52	38.82	1.83
IAMJEFF	12.29	594	51.52	10.61	33.16	4.71
Doge	11.9	47	51.06	0.0	29.79	19.15
avanderwalde	11.59	77	36.36	20.78	31.17	11.69
Yeesh	11.19	149	77.18	0.0	22.15	0.67
kooolant	11.11	70	62.86	0.0	37.14	0.0
Ahming	10.95	375	75.73	0.27	24.0	0.0
Fireheart	10.81	1189	46.51	10.26	41.8	1.43
Hyakinthus	10.53	231	62.77	0.0	21.21	16.02
newduke	10.26	43	65.12	2.33	32.56	0.0
kondain	9.76	45	57.78	0.0	42.22	0.0
Kakashi	9.58	469	62.69	2.13	30.92	4.26
NoMercy	9.49	1500	62.13	1.8	27.6	8.47
Ptheven	8.99	97	59.79	7.22	32.99	0.0
DMoney	8.98	352	55.68	11.65	32.67	0.0
Romain672	8.88	233	48.07	6.87	44.64	0.43
Dr_Kakashi	8.85	455	61.54	2.2	31.87	4.4
kimbifille	8.76	534	50.56	5.24	37.64	6.55
Razvogor	8.26	354	61.02	3.67	35.31	0.0
padi	7.96	122	77.87	2.46	19.67	0.0
clue number	7.89	41	100.0	0.0	0.0	0.0
Lel0uch	7.87	96	61.46	3.12	35.42	0.0
Razgovor	7.72	921	60.8	0.0	34.31	4.89
pianoblook	6.99	199	54.27	2.51	33.67	9.55
SeldeGuГ©rande	6.98	46	28.26	0.0	0.0	71.74
rat	6.72	4529	56.37	0.31	39.77	3.55
ThirdStrike	6.67	144	54.86	0.0	45.14	0.0
Libster	6.58	4227	60.33	0.33	34.45	4.9
ADrone	6.38	50	42.0	0.0	58.0	0.0
florrat2	6.32	4492	56.1	0.31	40.0	3.58
RaKXeR	6.19	1166	53.69	0.17	43.31	2.83
gurev	5.77	55	80.0	0.0	18.18	1.82
will.i.am	5.66	56	58.93	1.79	33.93	5.36
sankala	5.56	988	60.12	1.01	35.43	3.44
garbo late game	5.43	97	29.9	0.0	11.34	58.76
sin_faith	4.71	89	92.13	0.0	7.87	0.0
indego	4.03	129	79.84	1.55	18.6	0.0
lotem	3.85	27	48.15	22.22	29.63	0.0
theworstplayer	3.57	29	27.59	0.0	34.48	37.93
sankala fan	3.5	325	49.54	3.08	47.38	0.0
color vs rank	3.45	30	60.0	0.0	0.0	40.0
NotRaKXeR	3.45	360	74.44	0.0	25.56	0.0
WeNeedToKnow	1.74	117	42.74	0.0	57.26	0.0
